5.3366827964782715
-0.13691319525241852
-0.4658571481704712
-0.2259473204612732
-0.12473530322313309
-0.44845321774482727
-0.5529266595840454
-0.3413054049015045
-0.11585471779108047
0.08813993632793427
-0.4950214922428131
-0.30157870054244995
-0.4023594856262207
-0.2946118116378784
-0.3957982659339905
0.14560703933238983
-0.17950759828090668
-0.4116309881210327
-0.32022327184677124
-0.161495640873909
-0.2930010259151459
5.324527740478516
-0.0032442472875118256
-0.5005195736885071
-0.21910302340984344
-0.07164715975522995
-0.5017020106315613
-0.5448535084724426
-0.3499680757522583
-0.04804287850856781
-0.07595794647932053
-0.5461655259132385
5.7888336181640625
0.07276957482099533
-1.0682250261306763
-0.7246487140655518
-0.17957371473312378
-0.9378795623779297
-0.9914833903312683
-0.6694638133049011
-0.2350330948829651
0.5024517774581909
-0.33432236313819885
-0.005253240466117859
-0.7485055923461914
-0.32121726870536804
-0.6642166376113892
0.3581286668777466
-0.026688873767852783
-0.7890193462371826
1.0432777404785156
0.0022021830081939697
-0.2796506881713867
5.832546234130859
0.22219400107860565
-1.0926790237426758
-0.777070164680481
-0.06732888519763947
-0.9892991781234741
-0.9486216306686401
-0.6778086423873901
-0.19675743579864502
0.44016051292419434
-0.3990395963191986
6.083365440368652
-0.32592129707336426
-1.2080340385437012
-1.0240190029144287
-0.4608716070652008
-1.1811834573745728
-1.134966492652893
-0.795391321182251
-0.36675918102264404
0.8202956914901733
-0.17605988681316376
-0.01063258945941925
-0.4832890033721924
-0.35930538177490234
-0.7255083322525024
0.9915810823440552
0.0043367743492126465
-0.8437468409538269
1.695376992225647
-0.44556912779808044
-0.4218253493309021
6.1078338623046875
-0.1893986463546753
-1.2376888990402222
-1.0925593376159668
-0.28256794810295105
-1.259941816329956
-1.04982590675354
-0.7996834516525269
-0.38898470997810364
0.805386483669281
-0.25631678104400635
5.512197494506836
-0.535449743270874
-0.4129141569137573
-0.5257220268249512
-0.42712709307670593
-0.5784928202629089
-0.6831499934196472
-0.7000693082809448
-0.4378195106983185
0.8526430130004883
-0.5061314702033997
-0.17179696261882782
-0.3182848393917084
-0.410011351108551
-0.5580780506134033
1.1132547855377197
-0.059053145349025726
-0.6590455770492554
-0.012298434972763062
-0.5250047445297241
-0.14991426467895508
5.614405632019043
-0.4165951609611511
-0.4242873191833496
-0.587601900100708
-0.2714587152004242
-0.6725884079933167
-0.629705011844635
-0.7120557427406311
-0.45936068892478943
0.7649261951446533
-0.57427978515625
5.833553314208984
-0.4788578450679779
-0.38288193941116333
-0.3690418601036072
-0.42186057567596436
-0.4710487127304077
-0.5881587266921997
-0.6485368013381958
-0.25681889057159424
0.49857333302497864
-0.582260251045227
-0.2169209122657776
-0.27508217096328735
-0.4574829339981079
-0.5527811646461487
0.9398880004882812
-0.11464650928974152
-0.6333943009376526
-0.33961910009384155
-0.46270349621772766
-0.14927978813648224
5.895406723022461
-0.3589109778404236
-0.39281195402145386
-0.3847103714942932
-0.310220330953598
-0.5683286786079407
-0.549903154373169
-0.6523311138153076
-0.2547687590122223
0.3646053075790405
-0.6401093006134033
6.128838062286377
-0.11602208018302917
-0.9917364120483398
-1.0464175939559937
-0.6288636326789856
-0.9065828323364258
-0.9266339540481567
0.1306571662425995
-0.4997164011001587
0.8605965375900269
-0.581303060054779
-0.06668363511562347
-0.7389612197875977
-0.8168593049049377
-0.5368078351020813
0.6737678050994873
-0.17316944897174835
-0.9524655342102051
1.6618019342422485
-0.3298327326774597
-0.33676794171333313
6.432134628295898
0.07876211404800415
-1.029973030090332
-1.1734583377838135
-0.4830158054828644
-0.9439358115196228
-0.9407865405082703
0.10136178135871887
-0.6327706575393677
0.7722213268280029
-0.6842293739318848
8.30038070678711
-0.03040185570716858
-2.7708539962768555
-2.7116713523864746
-1.4833728075027466
-2.9298629760742188
-2.6008810997009277
-0.4054524898529053
-0.6127029061317444
2.298398971557617
-0.4312456250190735
0.7669758200645447
-0.9938424825668335
-0.9382836818695068
-1.6434587240219116
2.4644646644592285
-0.30914461612701416
-1.8591663837432861
6.495594024658203
-0.9004173874855042
-0.2554285526275635
9.203481674194336
0.20630982518196106
-2.826140880584717
-3.036344051361084
-1.085691213607788
-3.0916192531585693
-2.5306344032287598
-0.35314106941223145
-0.9575479030609131
2.4504289627075195
-0.5762197971343994
8.771636009216309
-0.6230666041374207
-2.8008556365966797
-3.0806407928466797
-1.8650068044662476
-3.4031944274902344
-3.1274917125701904
-0.6732048988342285
-0.9620559215545654
3.188343048095703
-0.4697147011756897
0.4007642865180969
-0.6434246897697449
-0.8089517951011658
-1.6202343702316284
4.575891971588135
-0.5787523984909058
-2.155160427093506
7.329622268676758
-1.6189823150634766
-0.7870555520057678
9.739995956420898
-0.27553385496139526
-2.8150954246520996
-3.4185280799865723
-1.3331166505813599
-3.709290027618408
-2.992114305496216
-0.5355541706085205
-1.3863730430603027
3.387862205505371
-0.6022199988365173
7.99815559387207
-1.3081386089324951
-1.279500126838684
-1.6636972427368164
-1.5076053142547607
-1.912086009979248
-2.3365659713745117
-1.1899166107177734
-1.1147056818008423
2.626750946044922
-0.659984827041626
-0.23048606514930725
-0.38406902551651
-0.8088347911834717
-1.1954413652420044
5.249692916870117
-0.4316749572753906
-1.6241562366485596
3.4146995544433594
-1.367160677909851
-0.7989645004272461
8.694097518920898
-1.0044987201690674
-1.3220257759094238
-1.959824800491333
-1.0529537200927734
-2.24025297164917
-2.3089051246643066
-1.1148433685302734
-1.4471845626831055
2.6500768661499023
-0.7412292957305908
7.349845886230469
-1.1256029605865479
-0.39413315057754517
-0.8204184770584106
-0.9383065700531006
-1.073829174041748
-1.3287498950958252
-1.0416154861450195
-0.8239678144454956
1.4948368072509766
-0.9832927584648132
-0.5225096940994263
-0.2830084264278412
-0.8069254755973816
-0.8297380208969116
4.244421005249023
-0.375478595495224
-1.3970732688903809
0.7040143609046936
-0.9643568396568298
-0.40710926055908203
7.686572074890137
-0.8944739103317261
-0.37176573276519775
-1.000386118888855
-0.5995267033576965
-1.3233550786972046
-1.2535278797149658
-0.9411228895187378
-1.0800589323043823
1.476120114326477
-1.0982592105865479
5.617821216583252
-0.7243786454200745
0.4144764244556427
-0.7599478960037231
-0.23366133868694305
0.06627842038869858
-0.3992428779602051
0.2536158561706543
-0.735733151435852
0.35315045714378357
-1.082515001296997
-0.05515623837709427
-0.688377857208252
-0.8380738496780396
0.676101565361023
0.7775759696960449
0.20002341270446777
-1.0003575086593628
-0.741317093372345
-0.31864264607429504
-0.8848361968994141
5.920816898345947
-0.6874225735664368
0.43178462982177734
-0.857417106628418
-0.15900501608848572
0.013061344623565674
-0.4801514148712158
0.19078479707241058
-0.842224657535553
0.18073837459087372
-1.1923296451568604
6.712622165679932
-1.3183294534683228
-0.43747633695602417
-1.8029282093048096
-1.344460368156433
-1.005625605583191
-1.845064401626587
-0.8633907437324524
-0.6383364200592041
1.4807974100112915
-1.0753507614135742
1.0745015144348145
-0.22698073089122772
-0.7743352651596069
0.06373876333236694
3.565965175628662
-0.3177063465118408
-1.430598497390747
1.8366323709487915
-0.9574467539787292
-0.8951155543327332
6.970625400543213
-1.1077220439910889
-0.4365081787109375
-2.018038272857666
-1.0659598112106323
-1.368791103363037
-1.8296380043029785
-0.6900741457939148
-0.8374344706535339
1.2857012748718262
-1.1915403604507446
7.3430681228637695
-1.8902243375778198
-1.0733238458633423
-2.3754663467407227
-1.5650670528411865
-1.4925601482391357
-2.4703495502471924
-1.3106491565704346
-0.7009947299957275
2.5325329303741455
-1.279328465461731
1.4933476448059082
-0.07485665380954742
-0.9443944692611694
-0.48664218187332153
5.633039474487305
-0.33349308371543884
-1.6647628545761108
3.059386730194092
-1.8254042863845825
-1.0435171127319336
7.667880058288574
-1.6545436382293701
-1.045592188835144
-2.630634307861328
-1.1989558935165405
-1.9687626361846924
-2.3479394912719727
-1.099181890487671
-0.9206714034080505
2.39333176612854
-1.3987363576889038
7.445108413696289
-1.7953319549560547
-0.42983126640319824
-2.0071496963500977
-1.0459223985671997
-0.7848588228225708
-1.7583732604980469
-1.1169207096099854
-1.0633563995361328
1.6538900136947632
-1.6110254526138306
2.054372549057007
-0.4877531826496124
-1.1187388896942139
-0.13436461985111237
4.955070495605469
-0.13051795959472656
-1.4956257343292236
0.724432110786438
-1.4152628183364868
-0.644390344619751
7.776675224304199
-1.6356348991394043
-0.4203605055809021
-2.2734057903289795
-0.7140486240386963
-1.2202250957489014
-1.7283968925476074
-0.9369968771934509
-1.2698044776916504
1.5110911130905151
-1.7337888479232788
7.22571325302124
-1.2512500286102295
-0.16206640005111694
-0.8356821537017822
-0.8923438787460327
-0.8327341079711914
-1.361309289932251
-0.902645468711853
-0.7531942129135132
1.3308991193771362
-1.3673315048217773
-0.11487674713134766
-0.5694583654403687
-0.8287378549575806
-0.5378665924072266
4.360002517700195
-0.18538695573806763
-1.444952130317688
0.19842644035816193
-1.0366384983062744
-0.3445424437522888
7.605601787567139
-1.0566045045852661
-0.15316948294639587
-0.9938273429870605
-0.5836021900177002
-1.1166164875030518
-1.2962642908096313
-0.8232530355453491
-0.9638004899024963
1.2372194528579712
-1.4911024570465088
6.021268844604492
-0.8603219985961914
0.7748008966445923
-1.2775397300720215
-0.4379291236400604
-0.027639782056212425
-0.6986756324768066
-0.07000920176506042
-0.7592401504516602
0.48248687386512756
-1.369293451309204
1.054295539855957
-0.4151914119720459
-0.8758862614631653
1.2156357765197754
0.683960497379303
0.40141773223876953
-1.149951696395874
-0.7936587929725647
-0.610471248626709
-1.3596584796905518
6.107017993927002
-0.8584384918212891
0.8741120100021362
-1.3746429681777954
-0.3775619864463806
-0.19581395387649536
-0.7706543207168579
-0.0675370842218399
-0.8243006467819214
0.2106955647468567
-1.4809976816177368
7.047638893127441
-1.5973466634750366
0.5065667033195496
-2.456973075866699
-1.0994528532028198
-0.09684404730796814
-1.4661610126495361
-0.7961665987968445
-0.5370180606842041
1.1696391105651855
-2.1842432022094727
4.453451156616211
-0.038358449935913086
-0.9883546829223633
1.1247739791870117
1.971116542816162
-0.036394521594047546
-1.438246250152588
-0.2617255449295044
-1.2957950830459595
-1.7284369468688965
7.136899948120117
-1.469327688217163
0.5541870594024658
-2.671863079071045
-0.9687113165855408
-0.6791391372680664
-1.4812613725662231
-0.5803335309028625
-0.631454586982727
0.592771589756012
-2.3752036094665527
7.47930908203125
-2.1652445793151855
-0.14707188308238983
-3.351830005645752
-1.0444320440292358
-0.053089264780282974
-1.7584418058395386
-1.0518178939819336
-0.756959080696106
1.9624760150909424
-2.76743221282959
6.550732135772705
-0.4441749155521393
-1.4637336730957031
0.7246038913726807
3.211825370788574
0.050109654664993286
-1.6523082256317139
0.39985543489456177
-1.9128642082214355
-1.6371233463287354
7.436794757843018
-2.0099637508392334
-0.11448173224925995
-3.618037223815918
-0.8382373452186584
-0.7481557130813599
-1.630677342414856
-0.7400544285774231
-0.8600490093231201
1.226555347442627
-2.9871668815612793
5.376865863800049
-1.5913046598434448
-0.32836467027664185
-2.8032121658325195
-0.431295245885849
0.3169160485267639
-0.918010413646698
-0.4544680118560791
-0.5662140846252441
1.5042035579681396
-2.2605671882629395
5.898200988769531
-0.6312590837478638
-1.3122575283050537
0.35178637504577637
1.7274326086044312
0.14004607498645782
-1.354363203048706
0.10004563629627228
-1.3551098108291626
-1.102980375289917
5.792503356933594
-1.6504676342010498
-0.3573223650455475
-3.0355896949768066
-0.33351725339889526
-0.10759371519088745
-0.9044478535652161
-0.3377925157546997
-0.6515102386474609
1.0161100625991821
-2.51092529296875
5.828647613525391
-1.0199072360992432
-0.1946159303188324
-1.3118841648101807
-0.42881637811660767
-0.1848558485507965
-0.9193392992019653
-0.694916307926178
-0.42361733317375183
1.3695335388183594
-1.4854896068572998
1.7050411701202393
-0.6588171124458313
-0.8664564490318298
-0.29773932695388794
2.1294572353363037
-0.09269487112760544
-0.996644139289856
0.026827514171600342
-0.937450647354126
-0.5439072251319885
5.911626815795898
-0.9132511615753174
-0.24691694974899292
-1.3934447765350342
-0.24823130667209625
-0.43388283252716064
-0.8037585020065308
-0.5983721613883972
-0.4825684726238251
0.9895228147506714
-1.5953683853149414
5.687411785125732
-0.6955443620681763
-0.28241610527038574
-0.6195336580276489
-0.4846566617488861
-0.2850555181503296
-0.5655643939971924
-0.43823355436325073
0.042970433831214905
0.4370793402194977
-0.8830915689468384
0.32979491353034973
-0.07561749964952469
-0.8353235125541687
-0.07785116136074066
0.4556513726711273
0.09391886740922928
-0.4946180582046509
-0.50139319896698
-0.4700908064842224
-0.4279007315635681
5.594827651977539
-0.6442543864250183
-0.2548501193523407
-0.6649565100669861
-0.45372796058654785
-0.42537811398506165
-0.5504039525985718
-0.4209795594215393
0.08694964647293091
0.2665501534938812
-0.960760235786438
6.446327209472656
-1.0804275274276733
-0.38055652379989624
-1.2514007091522217
-0.8042946457862854
-0.23776660859584808
-0.9482070207595825
-0.8699365854263306
0.10450255870819092
0.792191743850708
-1.311872124671936
2.109494924545288
0.19190442562103271
-1.0085469484329224
-0.005185801535844803
0.8281701803207397
-0.005965221673250198
-0.6935819387435913
-0.372903048992157
-0.7855641841888428
-0.7176620960235596
6.485543251037598
-1.0257587432861328
-0.33417150378227234
-1.3618550300598145
-0.7584908604621887
-0.5708794593811035
-0.9710303544998169
-0.7671490907669067
0.10323694348335266
0.5305057764053345
-1.4458808898925781
6.454989910125732
-1.2286827564239502
-0.5250259041786194
-1.4422316551208496
-0.6430103778839111
-0.30172523856163025
-1.0458738803863525
-1.0552527904510498
0.17236405611038208
1.27634596824646
-1.452436923980713
2.3821120262145996
-0.006154835224151611
-1.1392160654067993
-0.2719014286994934
1.079619288444519
0.16672831773757935
-0.793150782585144
-0.135191410779953
-0.951339066028595
-0.6155012845993042
6.403811454772949
-1.2447532415390015
-0.4536304473876953
-1.5420682430267334
-0.5794410109519958
-0.6058403253555298
-1.02854323387146
-0.9543886184692383
0.18280577659606934
0.9948167204856873
-1.5696924924850464
5.487963676452637
-0.7379196286201477
-0.47117942571640015
-1.188490867614746
-0.2986111342906952
-0.1384192407131195
-0.5007907152175903
-0.5582063794136047
0.03385463356971741
0.8707278966903687
-1.114137053489685
1.9088596105575562
-0.17239466309547424
-0.9067997336387634
-0.3014512062072754
0.031721651554107666
0.1643814742565155
-0.7715204954147339
-0.29828619956970215
-0.7015146613121033
-0.377045214176178
5.415217399597168
-0.8304449915885925
-0.4531674385070801
-1.2605197429656982
-0.2785051167011261
-0.2627359926700592
-0.4959399700164795
-0.5027567148208618
0.05949276685714722
0.7584547400474548
-1.2256169319152832
5.59476375579834
-0.38852816820144653
-0.31227338314056396
-0.3505016565322876
-0.2954896092414856
-0.3503372371196747
-0.525320827960968
-0.5342425107955933
0.15286879241466522
0.5489959120750427
-0.6825257539749146
-0.22924135625362396
-0.27179068326950073
-0.5020087957382202
-0.5753033757209778
0.222694531083107
-0.07176797837018967
-0.5316258668899536
-0.4133884310722351
-0.40857815742492676
-0.1795463263988495
5.504508018493652
-0.3166627883911133
-0.3345564007759094
-0.3466717302799225
-0.24784499406814575
-0.40004751086235046
-0.48396036028862
-0.5389600992202759
0.23084193468093872
0.44161444902420044
-0.7337878942489624
-0.19348827004432678
-0.3691343665122986
-0.2584947645664215
-0.3848266899585724
0.013717696070671082
-0.19336220622062683
-0.4194449782371521
-0.2991068363189697
-0.046161726117134094
-0.28666821122169495
5.456203460693359
-0.0344662182033062
-0.4454074800014496
-0.2604186534881592
-0.07467296719551086
-0.37441039085388184
-0.5954744815826416
-0.37507009506225586
-0.1912604719400406
-0.11703507602214813
-0.47322502732276917
-0.1254611313343048
-0.39622223377227783
-0.33884331583976746
-0.3978102207183838
-0.043143048882484436
-0.29783740639686584
-0.4041935205459595
-0.24555283784866333
-0.03452606499195099
-0.2761755585670471
5.295116424560547
0.1031171977519989
-0.8258653879165649
-0.34237241744995117
-0.5760270953178406
0.16088367998600006
-0.02884805202484131
-0.804245114326477
1.1436429023742676
0.17245355248451233
-0.19850575923919678
5.794357776641846
0.19923600554466248
-1.0372076034545898
-0.6718063354492188
-0.08390949666500092
-0.7334121465682983
-0.9959914088249207
-0.6770656704902649
-0.2664754390716553
0.23074164986610413
-0.3937174379825592
0.12005540728569031
-0.6616188883781433
-0.41318854689598083
-0.6833776235580444
0.19620761275291443
-0.21872711181640625
-0.7461268305778503
1.0500344038009644
0.2624472975730896
-0.29253530502319336
5.565808296203613
0.14135046303272247
-0.5995818376541138
-0.38978278636932373
-0.6486937403678894
0.8822073936462402
-0.0166284441947937
-0.8622429370880127
1.8984555006027222
-0.26461222767829895
-0.29307112097740173
5.822717666625977
-0.14662358164787292
-1.1546480655670166
-0.9307091236114502
-0.28517231345176697
-0.9634910821914673
-1.044236183166504
-0.6812535524368286
-0.3306615352630615
0.4999341368675232
-0.24349504709243774
0.15299847722053528
-0.3797343373298645
-0.40015077590942383
-0.7154356241226196
0.719978392124176
-0.229757159948349
-0.8200960159301758
1.6687421798706055
-0.1140832006931305
-0.4161664843559265
6.008209228515625
-0.037514008581638336
-0.3589906692504883
-0.3692537844181061
-0.5107755661010742
1.0472936630249023
-0.07698727399110794
-0.7213956713676453
0.07689929008483887
-0.3843119740486145
-0.17225918173789978
5.659493446350098
-0.4032183885574341
-0.3701588213443756
-0.5328457355499268
-0.26697030663490295
-0.48002126812934875
-0.6494038701057434
-0.6557652354240417
-0.461861789226532
0.5368049144744873
-0.5002614259719849
0.06234804913401604
-0.3665982186794281
-0.4476325511932373
-0.5388250946998596
0.7415205240249634
-0.24262814223766327
-0.6082364320755005
0.02750951051712036
-0.31829833984375
-0.15652218461036682
5.618294715881348
-0.09195396304130554
-0.27841877937316895
-0.3906620144844055
-0.5424841642379761
0.8438396453857422
-0.15976013243198395
-0.6688945293426514
-0.2714627981185913
-0.3357171416282654
-0.16667664051055908
5.743342399597168
-0.3630814850330353
-0.3196830153465271
-0.3852192759513855
-0.30212339758872986
-0.4041914939880371
-0.5566297173500061
-0.5886113047599792
-0.29410669207572937
0.22375138103961945
-0.5408428907394409
-0.023793019354343414
-0.30786800384521484
-0.4366682767868042
-0.48905378580093384
0.5488431453704834
-0.2792067527770996
-0.5681089162826538
-0.27882999181747437
-0.29572463035583496
-0.15352311730384827
5.757889270782471
0.031024158000946045
-0.9021170139312744
-0.8583754301071167
-0.42478451132774353
0.6422024369239807
-0.17483481764793396
-1.0159757137298584
1.802586555480957
-0.16481667757034302
-0.30154865980148315
5.787589073181152
0.07988125085830688
-0.9849079847335815
-0.944907546043396
-0.47443562746047974
-0.6622498035430908
-0.919914960861206
0.15700730681419373
-0.4223785102367401
0.5253705382347107
-0.5766386985778809
0.1009790450334549
-0.5710569620132446
-0.80994713306427
-0.5756465196609497
0.41591939330101013
-0.4230957627296448
-0.8871029615402222
1.674109697341919
-0.09201240539550781
-0.37215930223464966
5.910366058349609
0.7980579137802124
-1.508664846420288
-1.0577974319458008
-1.4455041885375977
2.2448577880859375
-0.36120763421058655
-1.9374085664749146
6.9500508308410645
-0.5448251962661743
0.007918454706668854
6.647459506988525
0.3827245235443115
-2.6327171325683594
-2.393730878829956
-0.9387444257736206
-2.189136028289795
-2.1927547454833984
-0.055861711502075195
-0.3230893015861511
1.7380664348602295
-0.5072207450866699
0.7243223190307617
-0.7103234529495239
-0.9090937376022339
-1.6204290390014648
1.806382656097412
-0.7654788494110107
-1.750830054283142
6.275088787078857
-0.22116601467132568
-0.42239248752593994
8.89261245727539
0.5070731043815613
-1.203552484512329
-0.8551526665687561
-1.3922370672225952
4.325448513031006
-0.71596759557724
-2.216397285461426
7.974590301513672
-1.2304229736328125
-0.5043294429779053
6.441727638244629
-0.0912010669708252
-2.514630079269409
-2.7799854278564453
-1.1430253982543945
-2.5523481369018555
-2.4617433547973633
-0.015787720680236816
-0.5542216897010803
2.56337833404541
-0.5620450973510742
0.47596102952957153
-0.3834603726863861
-0.6981492042541504
-1.509677529335022
3.4164443016052246
-1.0584673881530762
-1.9941520690917969
7.061102867126465
-0.8170015215873718
-0.8862544894218445
10.236349105834961
-0.05215942859649658
-0.7609155178070068
-0.7942510843276978
-1.0018622875213623
5.210078239440918
-0.568366527557373
-1.8073376417160034
3.9199252128601074
-1.098953127861023
-0.7400033473968506
7.1427788734436035
-0.9269450902938843
-1.0911167860031128
-1.6745021343231201
-0.9955630302429199
-1.5268571376800537
-1.9653756618499756
-0.7454186677932739
-0.9723942279815674
2.0703086853027344
-0.7092376947402954
0.1430566906929016
-0.3703165352344513
-0.7717958092689514
-1.0935826301574707
4.1211323738098145
-0.7815965414047241
-1.5522561073303223
3.360778331756592
-0.8042820692062378
-0.884292483329773
8.038299560546875
-0.38576173782348633
-0.4859768748283386
-0.7386221289634705
-0.7142376899719238
4.185271263122559
-0.5030452013015747
-1.5519750118255615
0.9724143743515015
-0.756240725517273
-0.45507222414016724
6.80439567565918
-0.8678078651428223
-0.24545225501060486
-0.8737789392471313
-0.5736318826675415
-0.8528794050216675
-1.0984113216400146
-0.73521888256073
-0.789556622505188
1.1464933156967163
-0.9324191212654114
-0.19795870780944824
-0.34851378202438354
-0.7495623230934143
-0.6875447034835815
3.1425375938415527
-0.6225842237472534
-1.273026704788208
0.733427882194519
-0.5826334357261658
-0.45273837447166443
7.465388298034668
0.10104051232337952
-0.7252569198608398
-0.8253912925720215
0.7875166535377502
0.8825501203536987
0.20957861840724945
-1.0765280723571777
-0.705073356628418
-0.23507928848266602
-0.9816427230834961
5.736260890960693
-0.6031230092048645
0.3164295554161072
-0.6431074738502502
-0.1703776866197586
0.056178510189056396
-0.5079178810119629
0.21222414076328278
-0.6716644763946533
0.04765594005584717
-0.9985241889953613
0.20116330683231354
-0.6278917789459229
-0.8170266151428223
0.5733308792114258
0.4801323413848877
0.006027944386005402
-0.8987283706665039
-0.6108176112174988
-0.2717687785625458
-0.7768188118934631
5.538506507873535
1.3506218194961548
-0.4641597867012024
-0.7660015225410461
0.22992569208145142
3.446694850921631
-0.41085103154182434
-1.563614845275879
2.171304702758789
-0.7119312286376953
-0.8797374963760376
6.479132652282715
-1.0907814502716064
-0.3759436011314392
-1.6559511423110962
-0.9131289720535278
-0.8546243906021118
-1.6928216218948364
-0.6408766508102417
-0.6207947134971619
1.0512518882751465
-1.001316785812378
1.354482889175415
-0.30893340706825256
-0.7410178780555725
0.06822917610406876
2.622223138809204
-0.5323566794395447
-1.3655328750610352
1.7600679397583008
-0.6820877194404602
-0.8624300360679626
7.175453186035156
1.8242292404174805
-0.406857430934906
-0.9618678689002991
-0.2778196632862091
5.470280647277832
-0.5124194622039795
-1.7463387250900269
3.5953705310821533
-1.5388306379318237
-0.9805411100387573
7.329275608062744
-1.6255534887313843
-0.8613924980163574
-2.283936023712158
-0.9907561540603638
-1.224923849105835
-2.1677422523498535
-0.9444208145141602
-0.6668715476989746
2.055947780609131
-1.2642390727996826
1.9546656608581543
-0.1890634000301361
-0.9051109552383423
-0.38416004180908203
3.8621912002563477
-0.6587295532226562
-1.588472604751587
2.96657657623291
-1.410936713218689
-1.004244089126587
7.94353723526001
2.3215882778167725
-0.7001186609268188
-1.1335387229919434
0.027207352221012115
5.003800392150879
-0.29706820845603943
-1.6621177196502686
1.1176915168762207
-1.20270574092865
-0.6591448783874512
7.340152263641357
-1.5524110794067383
-0.2753523290157318
-1.8636951446533203
-0.5386899709701538
-0.7152069211006165
-1.5550616979599
-0.7911589741706848
-1.0829250812530518
1.1336991786956787
-1.4584169387817383
2.3175370693206787
-0.615448534488678
-1.0193301439285278
-0.030141212046146393
3.4178833961486816
-0.40220627188682556
-1.4308743476867676
0.8509464859962463
-1.0639086961746216
-0.6357682347297668
7.624210834503174
0.035363078117370605
-0.7342667579650879
-0.7406671047210693
-0.45498424768447876
4.377307891845703
-0.29723674058914185
-1.6008222103118896
0.41675955057144165
-0.8168609738349915
-0.41947245597839355
6.792811393737793
-0.9974833130836487
0.0009860917925834656
-0.9102104306221008
-0.49660724401474
-0.6675657033920288
-1.1095002889633179
-0.5739721655845642
-0.7487167119979858
1.0227174758911133
-1.2788718938827515
0.30061274766921997
-0.633215069770813
-0.7577320337295532
-0.35784563422203064
2.892685890197754
-0.4643644094467163
-1.3013272285461426
0.31244248151779175
-0.6815219521522522
-0.39466845989227295
7.229302883148193
1.3385069370269775
-0.3922208547592163
-0.8683589696884155
1.348771095275879
0.8334804773330688
0.3743060529232025
-1.1919759511947632
-0.7481831312179565
-0.523863673210144
-1.4551732540130615
5.90612268447876
-0.6775650978088379
0.6711569428443909
-1.0449914932250977
-0.30054524540901184
-0.09421707689762115
-0.7086425423622131
-0.0098046213388443
-0.6847580075263977
0.05382443964481354
-1.202683925628662
1.3065028190612793
-0.3990045189857483
-0.8143946528434753
1.0747580528259277
0.22161011397838593
0.16762669384479523
-1.05948805809021
-0.676118016242981
-0.5404542684555054
-1.1968547105789185
5.777031898498535
5.011776924133301
-0.05815398693084717
-1.0920441150665283
1.244974136352539
2.0468738079071045
-0.22569836676120758
-1.4954562187194824
-0.06927691400051117
-1.0835421085357666
-1.8430116176605225
6.924314498901367
-1.3187363147735596
0.42153871059417725
-2.022146224975586
-0.6163566708564758
-0.2952810525894165
-1.2743332386016846
-0.5462266206741333
-0.5919642448425293
0.4251512587070465
-1.8960516452789307
4.7305779457092285
-0.2510105073451996
-0.898012101650238
1.0353922843933105
0.765259861946106
-0.24186065793037415
-1.4300780296325684
-0.2130296677350998
-1.204169750213623
-1.5034868717193604
7.382960319519043
7.103526592254639
-0.5453704595565796
-1.6491351127624512
0.9020888209342957
3.3347649574279785
-0.22355327010154724
-1.6274831295013428
0.6781324148178101
-1.6393245458602905
-1.7054928541183472
7.310919761657715
-1.8589470386505127
-0.09004505723714828
-2.8375840187072754
-0.3863086998462677
-0.33154168725013733
-1.3938593864440918
-0.6648156046867371
-0.7686887979507446
1.0903830528259277
-2.4629693031311035
6.875618934631348
-0.6342268586158752
-1.308915615081787
0.7608819603919983
1.2627168893814087
-0.23650434613227844
-1.619799256324768
0.46294504404067993
-1.7872859239578247
-1.3545985221862793
8.582144737243652
6.206518173217773
-0.7729631066322327
-1.5392283201217651
0.44773274660110474
1.9163727760314941
-0.03779304027557373
-1.3206143379211426
0.23451179265975952
-1.2142781019210815
-1.0678179264068604
6.466709136962891
-1.491882085800171
-0.4325510561466217
-2.3344712257385254
-0.06653529405593872
0.04161158204078674
-0.8522593975067139
-0.4492741823196411
-0.6508761644363403
0.7520468831062317
-2.1468873023986816
5.852363586425781
-0.8153393268585205
-1.3098760843276978
0.2979639768600464
0.6787640452384949
-0.05312591791152954
-1.3755137920379639
0.16971087455749512
-1.4308171272277832
-0.829289972782135
6.580273628234863
1.9463813304901123
-0.7364434003829956
-0.8453633785247803
-0.18891309201717377
2.1674468517303467
-0.23032118380069733
-1.0717220306396484
0.09151670336723328
-0.7281180620193481
-0.6292715072631836
5.958195686340332
-0.8727197051048279
-0.14855250716209412
-1.2403548955917358
-0.1392219364643097
-0.2693987488746643
-0.7938024401664734
-0.563984215259552
-0.4794667065143585
0.9132370352745056
-1.3660017251968384
2.093668222427368
-0.6995800137519836
-0.7891758680343628
-0.20414528250694275
1.041366457939148
-0.3148761987686157
-0.9186077117919922
0.06682474166154861
-0.8428263664245605
-0.5110382437705994
6.365839004516602
0.5690872669219971
-0.008607015013694763
-0.8220314979553223
-0.01986522041261196
0.447054922580719
0.05714528262615204
-0.5011454224586487
-0.4404260516166687
-0.3665432929992676
-0.4851030707359314
5.655509948730469
-0.5634252429008484
-0.25121480226516724
-0.5635682940483093
-0.35527563095092773
-0.277738094329834
-0.5995053052902222
-0.4412856996059418
0.009491249918937683
0.1201978474855423
-0.7715060114860535
0.4957925081253052
-0.0884304791688919
-0.7451393604278564
-0.10524612665176392
0.1719052791595459
-0.10381446778774261
-0.46056365966796875
-0.45147743821144104
-0.3373853266239166
-0.39113396406173706
5.518407344818115
2.575746774673462
0.23242929577827454
-1.0967079401016235
0.0811152458190918
0.7887631058692932
-0.10836291313171387
-0.7230761051177979
-0.19943298399448395
-0.6617462635040283
-0.7864976525306702
6.326104164123535
-0.931000292301178
-0.3558152914047241
-1.0403332710266113
-0.5337154865264893
-0.3056641221046448
-0.9339315891265869
-0.7857974171638489
0.04252314567565918
0.26950106024742126
-1.1171811819076538
2.2348523139953613
0.0880458801984787
-0.912903904914856
-0.02905971370637417
0.3718310296535492
-0.2064027339220047
-0.6848384737968445
-0.33192580938339233
-0.6454858779907227
-0.6128764748573303
6.0743818283081055
2.862468957901001
0.010196983814239502
-1.194248080253601
-0.13611894845962524
1.038432240486145
0.05232073366641998
-0.7774666547775269
0.043384112417697906
-0.8385192155838013
-0.6516744494438171
6.328516006469727
-1.0857205390930176
-0.4219103753566742
-1.2500739097595215
-0.3486523926258087
-0.3610961437225342
-0.9917778372764587
-0.9204630851745605
0.09936246275901794
0.7049980163574219
-1.2663294076919556
2.565856456756592
-0.10484170913696289
-1.0323021411895752
-0.232232928276062
0.37186941504478455
-0.09537018090486526
-0.7292569279670715
-0.07237206399440765
-0.7939324378967285
-0.4969618320465088
6.1384358406066895
2.1437792778015137
-0.1618666797876358
-0.972406268119812
-0.20185868442058563
0.11109375953674316
0.11479254812002182
-0.7274688482284546
-0.20213699340820312
-0.6449624300003052
-0.33684125542640686
5.974606513977051
-0.753820538520813
-0.47768017649650574
-1.0039360523223877
-0.17655301094055176
-0.1905595362186432
-0.6052172183990479
-0.6668291687965393
-0.052445292472839355
0.45097658038139343
-1.0424546003341675
1.8938953876495361
-0.22136902809143066
-0.9142131209373474
-0.3256825804710388
-0.08522947132587433
-0.023723861202597618
-0.6825574636459351
-0.28425899147987366
-0.6790804266929626
-0.23920074105262756
5.804002285003662
-0.060401804745197296
-0.24149590730667114
-0.44368481636047363
-0.5500547289848328
0.20465590059757233
-0.08877872675657272
-0.5797086954116821
-0.3769850730895996
-0.28310683369636536
-0.2053096741437912
5.551430702209473
-0.29203110933303833
-0.28773051500320435
-0.3867175579071045
-0.18381553888320923
-0.33096766471862793
-0.5328876972198486
-0.5644530653953552
0.09307517111301422
0.292225182056427
-0.6187465190887451
-0.007108055055141449
-0.2644376754760742
-0.48549753427505493
-0.5319339632987976
0.015335015952587128
-0.2550050616264343
-0.46453189849853516
-0.38285166025161743
-0.3020578920841217
-0.1761677861213684
5.658674240112305
-0.25589749217033386
-0.4515589475631714
-0.2332797348499298
-0.2051834762096405
-0.45094138383865356
-0.4630388617515564
-0.30055901408195496
-0.1734885424375534
0.11477433890104294
-0.4605341851711273
-0.3499212861061096
-0.38663962483406067
-0.2732654809951782
-0.3724227547645569
0.23667383193969727
-0.07334490865468979
-0.4012031853199005
-0.3168017268180847
-0.15186859667301178
-0.28015589714050293
5.503486633300781
-0.03293531388044357
-0.40929192304611206
-0.27147334814071655
-0.057031817734241486
-0.35916900634765625
-0.5164788365364075
-0.32767146825790405
-0.20496505498886108
-0.25038942694664
-0.44500482082366943
-0.05625508725643158
-0.15919694304466248
-0.9494245052337646
-0.6350572109222412
-0.23979678750038147
-0.8569015264511108
-0.8413434028625488
-0.6271330118179321
-0.21792703866958618
0.5247856378555298
-0.30767545104026794
-0.16828294098377228
-0.6610577702522278
-0.24711938202381134
-0.5822426676750183
0.5707948803901672
0.15650372207164764
-0.6916281580924988
0.7330065965652466
-0.06837591528892517
-0.18139803409576416
5.690617561340332
0.21358704566955566
-0.8705434799194336
-0.6307333707809448
-0.06599220633506775
-0.5959281921386719
-0.8598306179046631
-0.6459836363792419
-0.2592405676841736
0.019167572259902954
-0.43038225173950195
0.11268866062164307
-0.4920276999473572
-1.0849123001098633
-0.8860360383987427
-0.5095950961112976
-1.0177125930786133
-1.0021493434906006
-0.8129965662956238
-0.3491489887237549
0.785366415977478
-0.18246608972549438
-0.2040431648492813
-0.41563111543655396
-0.28227242827415466
-0.6487259864807129
1.3458303213119507
0.21283824741840363
-0.7789033651351929
1.197283387184143
-0.4893993139266968
-0.3149353861808777
5.590447425842285
-0.07293398678302765
-0.9633538722991943
-0.8749774694442749
-0.21745052933692932
-0.7421556115150452
-0.9033699035644531
-0.6044063568115234
-0.28193551301956177
0.23517419397830963
-0.3317258954048157
0.15306761860847473
-0.6188631057739258
-0.4093741476535797
-0.4776293635368347
-0.5148378014564514
-0.5030297636985779
-0.6185039281845093
-0.6463489532470703
-0.4910675883293152
0.8756841421127319
-0.49226224422454834
-0.3268839120864868
-0.3201427161693573
-0.37469810247421265
-0.5404722690582275
1.1424932479858398
0.06840772926807404
-0.672313928604126
-0.10509845614433289
-0.4736900329589844
-0.15525147318840027
5.563938140869141
-0.37485837936401367
-0.3030259907245636
-0.5529437065124512
-0.22613425552845
-0.4745972752571106
-0.5419474840164185
-0.5479711294174194
-0.41083618998527527
0.2739005386829376
-0.4823128581047058
0.17367634177207947
-0.5495026111602783
-0.385497510433197
-0.3425240218639374
-0.49911147356033325
-0.4326150417327881
-0.5141969919204712
-0.5746098756790161
-0.3283767104148865
0.5019003748893738
-0.5345603227615356
-0.3327014446258545
-0.2859967052936554
-0.4143889844417572
-0.5425839424133301
1.0385221242904663
-0.013870995491743088
-0.6497251987457275
-0.3500860333442688
-0.4132305681705475
-0.18926827609539032
5.71889066696167
-0.33142054080963135
-0.2747455835342407
-0.4028151035308838
-0.2648075222969055
-0.4058167338371277
-0.46415963768959045
-0.48573359847068787
-0.2900417447090149
0.03654961287975311
-0.490018367767334
0.05828583240509033
-0.25790897011756897
-0.8347549438476562
-0.9768869876861572
-0.6948871612548828
-0.7713425159454346
-0.787372350692749
0.12224170565605164
-0.5317173600196838
0.8280986547470093
-0.5038983821868896
-0.2184792459011078
-0.6894349455833435
-0.7352442741394043
-0.4179547429084778
0.933914840221405
0.06468528509140015
-0.848779559135437
1.271412968635559
-0.347506046295166
-0.2765829563140869
5.630893230438232
0.1378435492515564
-0.8451687097549438
-0.8992867469787598
-0.3777851462364197
-0.6208078861236572
-0.7928369045257568
0.14078021049499512
-0.3505915701389313
0.259604275226593
-0.5996851325035095
0.11424176394939423
-0.4626920223236084
-2.4656805992126465
-2.342507839202881
-1.5351917743682861
-2.5094335079193115
-2.362295389175415
-0.7107892632484436
-0.651580810546875
2.200039863586426
-0.3607550859451294
0.24188336730003357
-0.9366327524185181
-0.8918553590774536
-1.4884250164031982
3.5831410884857178
0.2561151087284088
-1.6256394386291504
5.03998327255249
-1.2017006874084473
-0.14674805104732513
6.134058952331543
0.46150341629981995
-2.1802282333374023
-2.223715305328369
-0.6617411375045776
-1.5874723196029663
-1.840076208114624
-0.1284196376800537
-0.24803444743156433
1.2761662006378174
-0.6684148907661438
0.5283119082450867
-1.042417049407959
-2.663463592529297
-2.607344388961792
-1.96502685546875
-2.8611176013946533
-2.9275097846984863
-1.1614415645599365
-1.0189844369888306
2.951648235321045
-0.45851317048072815
-0.1723627746105194
-0.6471454501152039
-0.7976705431938171
-1.5994008779525757
6.0118560791015625
0.08495175838470459
-2.00272536277771
5.5824761390686035
-1.8791625499725342
-0.6739307641983032
5.886853218078613
0.08262357115745544
-2.070451259613037
-2.6384992599487305
-0.8162394762039185
-1.835307002067566
-2.065248727798462
-0.012704730033874512
-0.4540611803531647
1.96621835231781
-0.7519882917404175
0.38253873586654663
-1.3325477838516235
-1.1616978645324707
-1.3685781955718994
-1.6374378204345703
-1.5183169841766357
-2.129981517791748
-1.1457136869430542
-1.071359634399414
2.476814031600952
-0.5824439525604248
-0.6181679368019104
-0.24930448830127716
-0.6868095993995667
-1.0650272369384766
5.368655204772949
-0.05144166946411133
-1.5695934295654297
2.4881937503814697
-1.327191710472107
-0.7155627608299255
6.47846794128418
-0.8032444715499878
-0.7890521287918091
-1.6982553005218506
-0.8083466291427612
-1.2403730154037476
-1.677770733833313
-0.5169250965118408
-0.813858687877655
1.568007469177246
-0.7512941360473633
0.30711469054222107
-1.1614028215408325
-0.4751168489456177
-0.6746309995651245
-1.1038497686386108
-0.8263546228408813
-1.2411776781082153
-1.037698745727539
-0.8453314900398254
1.427046537399292
-0.9206200242042542
-0.770369827747345
-0.2468382567167282
-0.7153396606445312
-0.8188408613204956
4.339234352111816
-0.13157764077186584
-1.4183292388916016
0.3774894177913666
-0.8906113505363464
-0.41803446412086487
6.647251605987549
-0.8163068294525146
-0.14278572797775269
-0.9382940530776978
-0.4469645321369171
-0.7964915037155151
-0.915233314037323
-0.5178410410881042
-0.7322107553482056
0.8242253661155701
-0.8835959434509277
0.0071923136711120605
-0.7446527481079102
0.4045056104660034
-0.7727969884872437
-0.3049270510673523
0.1919199526309967
-0.3764150142669678
0.23372942209243774
-0.7688760757446289
0.3789924085140228
-1.054259181022644
-0.22341610491275787
-0.6821324825286865
-0.7384262084960938
0.6492116451263428
0.7058994770050049
0.3103819787502289
-0.9683225750923157
-0.7205602526664734
-0.24766728281974792
-0.8275747299194336
5.770537376403809
-0.5438459515571594
0.27209359407424927
-0.5610189437866211
-0.12700943648815155
-0.3315775394439697
-0.4412459433078766
0.2618368864059448
-0.6053513288497925
-0.12744943797588348
-0.8941678404808044
0.3710460960865021
-1.333404779434204
-0.47128909826278687
-1.554076910018921
-1.4133867025375366
-0.6961884498596191
-1.6754651069641113
-0.9011079668998718
-0.6456152200698853
1.4890652894973755
-0.995053768157959
0.43339288234710693
-0.24021495878696442
-0.723279595375061
0.03385741636157036
3.6464383602142334
-0.06964041292667389
-1.4034979343414307
1.2598507404327393
-0.9985275268554688
-0.8281972408294678
6.417466640472412
-1.0383453369140625
-0.2760205864906311
-1.5147013664245605
-0.7425094842910767
-0.8540462255477905
-1.493701457977295
-0.5306068658828735
-0.5676285028457642
0.7824083566665649
-0.9354578256607056
1.3463367223739624
-1.8789219856262207
-1.1281983852386475
-1.9787272214889526
-1.688030481338501
-0.9575235843658447
-2.2101573944091797
-1.4336199760437012
-0.6972934603691101
2.387030601501465
-1.1682300567626953
0.5604009032249451
-0.044230081140995026
-0.902658998966217
-0.5253883600234985
6.108950614929199
-0.013950377702713013
-1.633486032485962
2.140491008758545
-1.7692348957061768
-0.993136465549469
7.02181339263916
-1.4916911125183105
-0.663761556148529
-2.1214301586151123
-0.7609750628471375
-1.189481496810913
-1.8753173351287842
-0.7242201566696167
-0.5982828736305237
1.5918434858322144
-1.193004846572876
1.974307656288147
-1.7970824241638184
-0.5503268241882324
-1.7155952453613281
-1.2375860214233398
-0.3043258786201477
-1.6198049783706665
-1.1723334789276123
-0.9779133796691895
1.7589640617370605
-1.5008692741394043
1.0953699350357056
-0.35717612504959106
-1.045209527015686
-0.18107759952545166
5.131839752197266
0.06853917241096497
-1.493356704711914
0.2245633602142334
-1.4295278787612915
-0.6208532452583313
7.10740852355957
-1.4207898378372192
-0.167799174785614
-1.6661683320999146
-0.4067368805408478
-0.9229096174240112
-1.3367137908935547
-0.5774580836296082
-0.938811182975769
0.7844560146331787
-1.3053405284881592
2.3615691661834717
-1.273037075996399
-0.32126209139823914
-0.6190765500068665
-1.083069086074829
-0.4904475212097168
-1.2535896301269531
-0.9868615865707397
-0.7333282828330994
1.2640489339828491
-1.2617436647415161
-0.5585187077522278
-0.49703672528266907
-0.7365442514419556
-0.6041737794876099
4.713484287261963
0.05811503529548645
-1.4519081115722656
-0.07868573069572449
-0.9852410554885864
-0.40286239981651306
6.602520942687988
-0.9442204833030701
0.06429965794086456
-0.9080638885498047
-0.36815813183784485
-0.7339914441108704
-0.9152682423591614
-0.3373664915561676
-0.709702730178833
0.711233377456665
-1.1469510793685913
0.5004520416259766
-0.8817369341850281
0.659503698348999
-1.1865007877349854
-0.46502232551574707
0.12397664785385132
-0.6130195260047913
-0.10237471759319305
-0.7545400261878967
0.5931872129440308
-1.3061312437057495
0.6089671850204468
-0.36841627955436707
-0.7871130704879761
1.0562224388122559
0.9218958616256714
0.494693398475647
-1.0858423709869385
-0.7875300049781799
-0.5628390312194824
-1.258457899093628
5.91950798034668
-0.5589132905006409
0.542217493057251
-0.8411882519721985
-0.2033616304397583
-0.4601222574710846
-0.6218891143798828
0.07225923240184784
-0.5875908732414246
-0.163383349776268
-1.0518934726715088
1.3855074644088745
-1.651799201965332
0.1424562931060791
-2.1173365116119385
-1.1792224645614624
0.3003493845462799
-1.3152167797088623
-1.0361837148666382
-0.5164288282394409
1.475998878479004
-2.061110496520996
3.0271098613739014
-0.012822747230529785
-1.0675106048583984
0.7839629054069519
2.822028875350952
0.03883593529462814
-1.4085625410079956
-0.5719635486602783
-1.438161015510559
-1.6185965538024902
7.175436019897461
-1.2388585805892944
0.29797983169555664
-1.5695669651031494
-0.4009751081466675
-0.7858058214187622
-1.1649677753448486
-0.48833805322647095
-0.5079483985900879
0.18519848585128784
-1.5894207954406738
4.461894989013672
-2.2823147773742676
-0.65289306640625
-2.8034939765930176
-1.2042723894119263
0.6470130085945129
-1.6378940343856812
-1.4974995851516724
-0.7328919768333435
2.2749969959259033
-2.613741636276245
4.413541793823242
-0.37798088788986206
-1.6271042823791504
0.30342426896095276
4.622738838195801
0.15734386444091797
-1.6214594841003418
-0.21071653068065643
-2.1393213272094727
-1.5370395183563232
7.286970138549805
-1.6459892988204956
-0.12085665017366409
-2.2592267990112305
-0.1396254599094391
-1.0018569231033325
-1.213470458984375
-0.46949151158332825
-0.6410558223724365
0.7208318710327148
-2.0953292846679688
6.522122383117676
-1.705898404121399
-0.5546891093254089
-2.5208234786987305
-0.6154004335403442
0.7403138875961304
-0.9440378546714783
-0.8441991806030273
-0.625727653503418
1.8137551546096802
-2.1732723712921143
4.3505940437316895
-0.654961109161377
-1.4614201784133911
0.16924108564853668
2.373363733291626
0.22264808416366577
-1.335357666015625
-0.1945006251335144
-1.5674948692321777
-1.000033974647522
7.73544979095459
-1.4499151706695557
-0.4696623384952545
-1.8952502012252808
0.07017460465431213
-0.7572622299194336
-0.900486946105957
-0.5638933181762695
-0.7392452955245972
0.5284675359725952
-1.912845492362976
5.659485816955566
-1.0754228830337524
-0.389975368976593
-1.1023989915847778
-0.5745974183082581
0.12747806310653687
-0.8608298301696777
-0.7713650465011597
-0.4824283719062805
1.3917856216430664
-1.3688281774520874
0.9013643264770508
-0.6813571453094482
-0.8807293176651001
-0.42182475328445435
2.5318992137908936
0.03722330927848816
-1.0140979290008545
-0.1786806583404541
-0.9465302228927612
-0.5927507877349854
6.056110858917236
-0.8278571367263794
-0.14338365197181702
-1.0642122030258179
-0.05128176510334015
-0.5256906747817993
-0.6902177333831787
-0.4307413399219513
-0.4591097831726074
0.6042008996009827
-1.181476354598999
2.116953134536743
-0.7156456708908081
-0.30543890595436096
-0.5944303870201111
-0.4930311143398285
-0.24939677119255066
-0.46179091930389404
-0.3648378849029541
-0.03682662546634674
0.47766435146331787
-0.8514454364776611
0.11320812255144119
-0.07711461186408997
-0.7738263607025146
-0.08907894790172577
0.599133312702179
0.21259529888629913
-0.5105720162391663
-0.4617850184440613
-0.4155869483947754
-0.46125131845474243
5.704433441162109
-0.5069186091423035
-0.24251268804073334
-0.4950120151042938
-0.3103526830673218
-0.3804997503757477
-0.5027310252189636
-0.3654932975769043
-0.0008314251899719238
-0.0683230608701706
-0.6592800617218018
0.5511635541915894
-1.1104546785354614
-0.4423423707485199
-1.0925894975662231
-0.8132483959197998
-0.1178661435842514
-0.7564911842346191
-0.7576392889022827
0.08244016766548157
0.9218294024467468
-1.2379150390625
1.4603681564331055
0.19600006937980652
-0.9649185538291931
-0.00452447310090065
1.0862271785736084
0.07675625383853912
-0.6943811178207397
-0.43511760234832764
-0.7776589393615723
-0.7158199548721313
6.421805381774902
-0.8456810712814331
-0.32438722252845764
-0.8284008502960205
-0.4180571734905243
-0.5142149925231934
-0.8320213556289673
-0.7004414796829224
0.04352611303329468
0.053391724824905396
-0.9344578981399536
2.134746789932251
-1.2507648468017578
-0.5915319919586182
-1.2183958292007446
-0.6673299670219421
-0.05038142204284668
-0.8514243364334106
-0.9680083394050598
0.14293012022972107
1.3435394763946533
-1.3720276355743408
1.5928709506988525
0.014164775609970093
-1.0843020677566528
-0.26667436957359314
1.4797677993774414
0.3055381178855896
-0.7791601419448853
-0.2749112546443939
-0.9346539378166199
-0.6594409942626953
6.119839668273926
-0.9214597940444946
-0.3423641622066498
-1.0188831090927124
-0.2279728800058365
-0.6123814582824707
-0.8406726121902466
-0.7407468557357788
0.13746467232704163
0.38094085454940796
-1.069465160369873
2.499020576477051
-0.8505131006240845
-0.4568864405155182
-1.1152045726776123
-0.36640194058418274
-0.04952140152454376
-0.4226219654083252
-0.5382887125015259
-0.06446874141693115
0.989529013633728
-1.0634844303131104
1.365525245666504
-0.2904859781265259
-0.8909752368927002
-0.25311994552612305
0.016583263874053955
0.2709159255027771
-0.758213222026825
-0.3013744354248047
-0.6823132634162903
-0.3687536120414734
6.248604774475098
-0.6823948621749878
-0.43162551522254944
-0.8507605791091919
-0.13580335676670074
-0.4881476163864136
-0.5880413055419922
-0.654850423336029
-0.09436771273612976
0.25995776057243347
-0.9226040840148926
1.9172983169555664
-0.4671444296836853
-0.34423547983169556
-0.3241758346557617
-0.3524954915046692
-0.2935415506362915
-0.45900222659111023
-0.4897666573524475
0.035747185349464417
0.5391871929168701
-0.6242889165878296
-0.36536121368408203
-0.34607774019241333
-0.49588149785995483
-0.5595974922180176
0.41790473461151123
0.052375584840774536
-0.5709046721458435
-0.35402876138687134
-0.37643274664878845
-0.24416981637477875
5.660698890686035
-0.27753689885139465
-0.2760979235172272
-0.36549603939056396
-0.17457562685012817
-0.38104456663131714
-0.46551549434661865
-0.4697577655315399
0.024700291454792023
0.10318590700626373
-0.5719161629676819
0.12469067424535751
-0.4226260781288147
-0.37976253032684326
-0.40679144859313965
-0.17146971821784973
-0.3484157919883728
-0.4055222272872925
-0.18590682744979858
0.0303945392370224
-0.2894560694694519
5.388126373291016
-0.3307238817214966
-0.4295652210712433
-0.28503960371017456
-0.21376954019069672
-0.387145459651947
-0.4299756586551666
-0.2993394732475281
-0.20526960492134094
0.08003687113523483
-0.4492446184158325
-0.39415308833122253
-0.39703214168548584
-0.2709631323814392
-0.36753612756729126
0.32416611909866333
-0.04896259680390358
-0.3733140826225281
-0.32048022747039795
-0.1799505203962326
-0.2927027642726898
0.0
0.0
-0.6285624504089355
-0.4861857295036316
-0.6713521480560303
0.05989183858036995
-0.29797860980033875
-0.7567602396011353
0.952216386795044
0.34910011291503906
-0.3327818214893341
5.7312469482421875
-0.2709429860115051
-0.8506471514701843
-0.6537486910820007
-0.17099875211715698
-0.7015665769577026
-0.7354366779327393
-0.5273491144180298
-0.25951191782951355
0.43284276127815247
-0.33060652017593384
-0.3128238320350647
-0.6343961954116821
-0.2687481939792633
-0.6039697527885437
0.5808197259902954
0.2370564043521881
-0.6366103887557983
0.4867459535598755
-0.13717558979988098
-0.1753055453300476
0.0
0.0
-0.3807893395423889
-0.4699828326702118
-0.6911402940750122
0.5392346382141113
-0.2953547239303589
-0.8438839912414551
1.4908533096313477
0.02426058053970337
-0.45365071296691895
6.0528106689453125
-0.527104377746582
-0.9888005256652832
-0.8777392506599426
-0.3888867199420929
-0.8194518089294434
-0.8537478446960449
-0.684461772441864
-0.36272257566452026
0.6427276730537415
-0.233645498752594
-0.3430274426937103
-0.39082080125808716
-0.28899797797203064
-0.6611870527267456
1.3761003017425537
0.2911783456802368
-0.748829185962677
0.8174847960472107
-0.47492897510528564
-0.2940843105316162
0.0
0.0
-0.430586576461792
-0.45700469613075256
-0.48931509256362915
0.4863145053386688
-0.31048205494880676
-0.6257058382034302
0.07913728058338165
-0.20442886650562286
-0.19434544444084167
5.5971360206604
-0.6316782236099243
-0.4219319522380829
-0.468689501285553
-0.5176181197166443
-0.392736554145813
-0.5755414962768555
-0.6226040720939636
-0.46927735209465027
0.8002917766571045
-0.4725910425186157
-0.36999282240867615
-0.3145611882209778
-0.349914014339447
-0.5172834396362305
1.2287577390670776
0.11248135566711426
-0.663642406463623
-0.19138744473457336
-0.4544026553630829
-0.2222495973110199
0.0
0.0
-0.3711596727371216
-0.44486111402511597
-0.43586084246635437
0.2751026451587677
-0.35333067178726196
-0.5645309686660767
-0.20171351730823517
-0.20422948896884918
-0.1761094629764557
5.802689552307129
-0.5678370594978333
-0.38172006607055664
-0.3337986171245575
-0.4886550307273865
-0.36230334639549255
-0.49178051948547363
-0.5564537644386292
-0.3353572189807892
0.4611448645591736
-0.49778199195861816
-0.3768307566642761
-0.2871711552143097
-0.3768347501754761
-0.5201489925384521
1.0238012075424194
0.019029084593057632
-0.6093937158584595
-0.37143486738204956
-0.38972508907318115
-0.23649662733078003
0.0
0.0
-0.502699077129364
-0.805094838142395
-0.5956645607948303
0.2622239589691162
-0.465984582901001
-0.8849146366119385
1.5150283575057983
0.03013288974761963
-0.3951970338821411
5.7977495193481445
-0.340801864862442
-0.7325152158737183
-0.9768056273460388
-0.6046231985092163
-0.6379911303520203
-0.6324218511581421
0.10903581976890564
-0.490697979927063
0.7022848129272461
-0.527974545955658
-0.31545764207839966
-0.6372092366218567
-0.6633366942405701
-0.44151297211647034
1.025169849395752
0.10483645647764206
-0.791693925857544
0.8773832321166992
-0.3265683054924011
-0.257519006729126
0.0
0.0
-0.5378124713897705
-1.0311589241027832
-1.5218169689178467
1.4822261333465576
-0.7490744590759277
-1.8151330947875977
5.573355674743652
-0.03790268301963806
-0.546125590801239
8.464287757873535
-0.5400592088699341
-2.1692123413085938
-2.2265095710754395
-1.2010058164596558
-2.116272449493408
-1.8139797449111938
-0.40891534090042114
-0.5740408897399902
1.8262052536010742
-0.47282031178474426
-0.13960158824920654
-0.9008105993270874
-0.772281289100647
-1.564479112625122
3.552588939666748
0.4605259597301483
-1.5313048362731934
3.63158917427063
-1.0340436697006226
-0.05829644948244095
0.0
0.0
-0.33617284893989563
-0.8359883427619934
-1.4050508737564087
2.76554012298584
-0.961353063583374
-2.1384177207946777
6.2993621826171875
-0.5315731167793274
-0.9293484091758728
9.799449920654297
-1.0182464122772217
-2.4488110542297363
-2.4571056365966797
-1.618019938468933
-2.449436902999878
-2.337380886077881
-0.7787017822265625
-0.9017266035079956
2.376120090484619
-0.587133526802063
-0.4150635898113251
-0.6283614635467529
-0.6337023973464966
-1.7254621982574463
5.908730983734131
0.3474341630935669
-1.9502973556518555
3.9730496406555176
-1.5884978771209717
-0.5326021909713745
0.0
0.0
-0.3789505958557129
-0.7127774357795715
-0.8831119537353516
3.1958773136138916
-0.7882494926452637
-1.6872804164886475
3.147818088531494
-0.5458855628967285
-0.8782352209091187
8.000967979431152
-1.278994083404541
-1.1436723470687866
-1.2393159866333008
-1.4791467189788818
-1.3119229078292847
-1.7837300300598145
-1.0197805166244507
-0.9453058838844299
2.1600496768951416
-0.6417871713638306
-0.5870144367218018
-0.22835016250610352
-0.5709230899810791
-1.104128360748291
5.065908432006836
0.1378689408302307
-1.5685261487960815
1.6617558002471924
-1.1934230327606201
-0.7175209522247314
0.0
0.0
-0.4698531925678253
-0.6414089798927307
-0.5029827952384949
2.245633363723755
-0.646778404712677
-1.3238316774368286
0.7662438750267029
-0.4144377112388611
-0.4692363440990448
7.675519943237305
-1.1181052923202515
-0.5283804535865784
-0.5881209969520569
-1.0616607666015625
-0.7218834161758423
-1.1137946844100952
-1.0130703449249268
-0.7832679748535156
1.284835934638977
-0.884498119354248
-0.7288869023323059
-0.25966110825538635
-0.5814781785011292
-0.8210544586181641
4.074715614318848
-0.0006832480430603027
-1.40000319480896
0.02974320948123932
-0.8388177156448364
-0.49481624364852905
0.0
0.0
-0.6034494638442993
-0.7242711186408997
0.4831256866455078
0.23626746237277985
-0.10640817135572433
-0.8349709510803223
-0.46156641840934753
-0.21720239520072937
-0.678004801273346
5.508328437805176
-0.7159607410430908
0.3519756495952606
-0.7520023584365845
-0.3509293496608734
0.25985944271087646
-0.33975130319595337
0.08299282193183899
-0.7484551668167114
0.3465496301651001
-0.9920148849487305
-0.38429591059684753
-0.6541218161582947
-0.7005391120910645
0.5794748663902283
0.8865748643875122
0.31526410579681396
-0.9475072622299194
-0.6823644042015076
-0.23574841022491455
-0.805290699005127
0.0
0.0
-0.35480210185050964
-0.7176803946495056
0.056019365787506104
1.8863556385040283
-0.5304803252220154
-1.4235169887542725
1.6424155235290527
-0.5869331955909729
-0.8200311660766602
7.138520240783691
-1.2448543310165405
-0.5151569843292236
-1.4278349876403809
-1.3022868633270264
-0.489200234413147
-1.408735990524292
-0.8137618899345398
-0.6068755388259888
1.343444585800171
-0.9832873344421387
-0.043641358613967896
-0.20673498511314392
-0.6285886168479919
-0.08835317939519882
3.609239339828491
0.06042403727769852
-1.3529531955718994
0.7120559811592102
-0.9110398888587952
-0.8102157115936279
0.0
0.0
-0.28682124614715576
-0.8767446279525757
-0.3145955801010132
2.879297971725464
-0.6359788775444031
-1.7147769927978516
2.705733060836792
-1.179938554763794
-0.9320929646492004
8.271191596984863
-1.7139151096343994
-1.189511775970459
-1.8274126052856445
-1.5571880340576172
-0.6783857345581055
-1.921539068222046
-1.2979496717453003
-0.6756380200386047
2.1114184856414795
-1.1644322872161865
-0.002061605453491211
-0.04369064420461655
-0.7283570170402527
-0.6618087291717529
5.93996524810791
0.14676497876644135
-1.628277063369751
1.3101991415023804
-1.610830545425415
-1.0178331136703491
0.0
0.0
-0.7162597179412842
-0.9571741819381714
0.008042335510253906
2.359694480895996
-0.4919573962688446
-1.4789373874664307
0.9307826161384583
-0.9385982155799866
-0.6137963533401489
7.903955936431885
-1.621849775314331
-0.6339020729064941
-1.5200183391571045
-1.1706883907318115
0.007543936371803284
-1.4141743183135986
-1.1230883598327637
-0.931327223777771
1.7332191467285156
-1.3623353242874146
0.2906941771507263
-0.34073227643966675
-0.869787335395813
-0.29490455985069275
5.001620292663574
0.18040281534194946
-1.440810203552246
-0.13577115535736084
-1.289740800857544
-0.7253900766372681
0.0
0.0
-0.7051323056221008
-0.660370945930481
-0.23025190830230713
2.0139174461364746
-0.5191959738731384
-1.3286625146865845
0.3680340647697449
-0.5448583364486694
-0.40264731645584106
7.4624528884887695
-1.2498453855514526
-0.41482505202293396
-0.5426641702651978
-1.0846266746520996
-0.3640938997268677
-1.1539819240570068
-1.0058867931365967
-0.6725435256958008
1.1334736347198486
-1.1779112815856934
-0.6439526677131653
-0.4753948748111725
-0.5772364735603333
-0.6348198056221008
4.507137298583984
0.17195945978164673
-1.4134472608566284
-0.33952125906944275
-0.9141196608543396
-0.4867020845413208
0.0
0.0
-0.45826587080955505
-0.787255048751831
0.8618383407592773
-0.04054470360279083
-0.006011411547660828
-0.9741367101669312
-0.5257648229598999
-0.5053707361221313
-1.0136990547180176
5.822842597961426
-0.8447566628456116
0.5874993205070496
-1.144838571548462
-0.46887868642807007
0.26754581928253174
-0.5392011404037476
-0.16906730830669403
-0.7692379951477051
0.5773163437843323
-1.1945977210998535
0.06681914627552032
-0.41214519739151
-0.7794285416603088
0.9287123680114746
1.1126773357391357
0.4601384401321411
-1.0313770771026611
-0.7814606428146362
-0.44524359703063965
-1.1720802783966064
0.0
0.0
-0.4254927635192871
-0.9837515354156494
0.8019677400588989
0.21021339297294617
-0.3366324305534363
-1.3949288129806519
-0.13650864362716675
-1.2179875373840332
-1.2701938152313232
7.338862419128418
-1.4870803356170654
0.0020282864570617676
-1.9551571607589722
-1.0555121898651123
0.72916179895401
-1.0884594917297363
-0.9348548054695129
-0.5587856769561768
1.5359786748886108
-1.8179821968078613
1.3805711269378662
-0.06392276287078857
-1.0815565586090088
0.6503118276596069
3.210747480392456
0.06724154949188232
-1.2764216661453247
-0.7444459199905396
-1.2303807735443115
-1.487928867340088
0.0
0.0
-0.7987805008888245
-1.4248802661895752
0.6137470602989197
0.5005447268486023
-0.3460824489593506
-1.6002357006072998
0.5109904408454895
-1.7565059661865234
-1.168636679649353
8.49980640411377
-2.016763210296631
-0.7391406297683716
-2.6418697834014893
-1.0183130502700806
1.2233878374099731
-1.3420696258544922
-1.3066211938858032
-0.7342926263809204
2.291036605834961
-2.306661367416382
2.1347877979278564
-0.3847808539867401
-1.6419191360473633
0.16375984251499176
5.044072151184082
0.2082911729812622
-1.4552888870239258
-0.5379222631454468
-1.8229657411575317
-1.4606554508209229
0.0
0.0
-1.025942087173462
-1.4261314868927002
0.1835481971502304
0.0807795524597168
-0.19400207698345184
-1.3396010398864746
0.29003241658210754
-1.5523713827133179
-0.7133997678756714
7.660942554473877
-1.483100414276123
-0.6481422185897827
-2.432619094848633
-0.5408951640129089
1.263707160949707
-0.7964760065078735
-0.8254690170288086
-0.7799537181854248
1.9876222610473633
-2.0081071853637695
2.091399669647217
-0.7874076962471008
-1.6229839324951172
0.000388219952583313
2.945295810699463
0.24528947472572327
-1.2943103313446045
-0.5008984208106995
-1.3932349681854248
-0.9975190758705139
0.0
0.0
-0.762569010257721
-0.7917444705963135
-0.17369985580444336
0.5691680908203125
-0.36765629053115845
-0.9314075708389282
0.08871322870254517
-0.7787030339241028
-0.4748798608779907
6.295994281768799
-1.0084830522537231
-0.4380232095718384
-1.0182563066482544
-0.5531707406044006
0.3323267102241516
-0.7626732587814331
-0.7610822916030884
-0.44983434677124023
1.3118565082550049
-1.2358856201171875
0.3050001263618469
-0.6215386390686035
-0.8696470260620117
-0.43485260009765625
2.684964418411255
0.09247089177370071
-0.9599809646606445
-0.33955538272857666
-0.8280773758888245
-0.6203650832176208
0.0
0.0
-0.17920354008674622
-0.7236310243606567
-0.13119328022003174
-0.043883636593818665
-0.20601075887680054
-0.47006934881210327
-0.37481552362442017
-0.27945002913475037
-0.354976087808609
5.543529510498047
-0.6827359199523926
-0.2766568958759308
-0.6059467792510986
-0.47615522146224976
-0.1633327603340149
-0.4376751780509949
-0.37205785512924194
-0.11354947835206985
0.4399123191833496
-0.7817575335502625
-0.11305396258831024
-0.13637354969978333
-0.7273706197738647
-0.10340604186058044
0.6623228788375854
0.20380482077598572
-0.46874749660491943
-0.4555513858795166
-0.38702934980392456
-0.44884833693504333
0.0
0.0
-0.0712084174156189
-0.9359230995178223
-0.08817441016435623
0.01498308777809143
-0.301672101020813
-0.7040373086929321
-0.2811507284641266
-0.5962881445884705
-0.5332690477371216
6.063268661499023
-1.016931414604187
-0.42440372705459595
-1.0313670635223389
-0.7409846782684326
0.11707612872123718
-0.6641442179679871
-0.7155237793922424
-0.010924875736236572
0.9619289040565491
-1.103952169418335
0.6304608583450317
0.16428659856319427
-0.8892523646354675
-0.03262109309434891
1.2427881956100464
0.08362676948308945
-0.6155469417572021
-0.5050678253173828
-0.71397864818573
-0.6907027363777161
0.0
0.0
-0.23310518264770508
-1.0378539562225342
-0.2526218593120575
0.008468642830848694
-0.2138570249080658
-0.7558896541595459
-0.04375928267836571
-0.6738543510437012
-0.459747314453125
6.056214332580566
-1.1439132690429688
-0.5427117943763733
-1.163567304611206
-0.5941113233566284
0.1976945996284485
-0.7672868967056274
-0.869865894317627
0.0472162663936615
1.3140209913253784
-1.219631314277649
0.7399789094924927
0.01045846939086914
-1.0369853973388672
-0.27412664890289307
1.5804558992385864
0.27002012729644775
-0.6932189464569092
-0.3855762481689453
-0.8405251502990723
-0.6478602290153503
0.0
0.0
-0.3620607256889343
-0.9277342557907104
-0.3353431522846222
-0.27883583307266235
-0.13540786504745483
-0.6627873182296753
-0.2122090607881546
-0.6438844799995422
-0.2478833645582199
6.0103759765625
-0.7749065160751343
-0.4181390404701233
-1.1017463207244873
-0.3375392556190491
0.15463557839393616
-0.4024338722229004
-0.5154045224189758
-0.17316079139709473
1.0700995922088623
-0.9942541122436523
0.6013859510421753
-0.3157728910446167
-0.9230953454971313
-0.2415780872106552
0.2450447380542755
0.22410623729228973
-0.689033031463623
-0.36263394355773926
-0.6324344277381897
-0.38664618134498596
0.0
0.0
-0.33260080218315125
-0.4964275658130646
-0.49796509742736816
-0.10614901781082153
-0.30979177355766296
-0.4938507080078125
-0.34948909282684326
-0.21087628602981567
-0.19205543398857117
5.69382381439209
-0.507716715335846
-0.324479341506958
-0.33929482102394104
-0.36197227239608765
-0.22490936517715454
-0.45792680978775024
-0.47670096158981323
-0.03486090898513794
0.48422256112098694
-0.6128345727920532
-0.3659116327762604
-0.3633822798728943
-0.4965393543243408
-0.5329766869544983
0.5184569954872131
0.0713917464017868
-0.5432471036911011
-0.37490934133529663
-0.3692540228366852
-0.25913894176483154
0.0
0.0
