5.441054344177246
-0.2171727418899536
-0.6548509001731873
-0.32704880833625793
-0.35233938694000244
-0.6436291933059692
-0.42782679200172424
-0.10099825263023376
-0.11874209344387054
-0.059515438973903656
-0.2766004800796509
-0.20013093948364258
-0.16693562269210815
-0.3439972698688507
-0.5608991980552673
0.2832048535346985
-0.5137878656387329
-0.26232078671455383
-0.0783245638012886
-0.10740388929843903
-0.4185056984424591
5.73939847946167
-0.16524285078048706
-0.72020423412323
-0.32886993885040283
-0.1984429657459259
-0.6879051327705383
-0.4633048474788666
-0.12249767035245895
-0.10269931703805923
-0.09297958761453629
-0.3216262459754944
5.80736780166626
-0.11726220697164536
-0.9799321889877319
-1.0812216997146606
-0.652668833732605
-1.592805027961731
-0.7620626091957092
-0.5518935322761536
-0.8019312620162964
0.746327817440033
0.07775737345218658
-0.1737341433763504
-0.5875754952430725
-0.5048030614852905
-1.0187855958938599
1.031388521194458
-0.5785609483718872
-0.17487730085849762
1.7601615190505981
-0.010989302769303322
0.1050872653722763
6.248424053192139
0.06069689244031906
-1.1145275831222534
-1.148458480834961
-0.22816015779972076
-1.7392874956130981
-0.6729974150657654
-0.4537792205810547
-0.9825345277786255
0.7877215147018433
-0.05186692252755165
5.518425941467285
-0.44064804911613464
-0.40295109152793884
-0.42189866304397583
-0.18838462233543396
-0.4328833818435669
-0.3219870924949646
-0.14190582931041718
-0.4435296952724457
-0.046703919768333435
-0.4466395378112793
-0.3956131339073181
-0.43356582522392273
-0.3594553470611572
-0.3635820746421814
1.0959546566009521
-0.33092737197875977
-0.559708833694458
-0.30611294507980347
-0.3176959156990051
-0.4405495524406433
5.416134357452393
-0.33153924345970154
-0.40405935049057007
-0.46617743372917175
-0.01412377692759037
-0.4723646640777588
-0.2816466987133026
-0.11839083582162857
-0.4840988516807556
-0.1282489001750946
-0.48522722721099854
5.507923126220703
-0.4669226109981537
-0.6774146556854248
-0.9950438141822815
-0.565173864364624
-0.7204877734184265
-0.611167848110199
0.19265621900558472
-0.5895942449569702
0.5785152912139893
-0.5363715291023254
0.30445215106010437
-0.23009251058101654
-0.7220160365104675
-0.21336205303668976
0.6076902151107788
-0.5383297801017761
-0.4417829215526581
0.7397412061691284
-0.22513821721076965
-0.41575029492378235
5.84621524810791
-0.3054027259349823
-0.7183157801628113
-1.0439529418945312
-0.36927279829978943
-0.8236587047576904
-0.6217638850212097
0.23998510837554932
-0.688393771648407
0.4905655086040497
-0.6410344243049622
6.778221607208252
-1.0449179410934448
-1.0985243320465088
-2.4278626441955566
-0.9907729625701904
-1.832199215888977
-1.4628384113311768
-0.6238194704055786
-1.036536693572998
2.217747688293457
-0.8174198865890503
2.1704676151275635
-0.4328027367591858
-1.44115149974823
-0.5532276630401611
2.0236871242523193
-0.2462853193283081
-0.8044667840003967
3.15588116645813
-1.1273481845855713
-0.38323208689689636
7.077108383178711
-0.6678459048271179
-1.1699328422546387
-2.61930513381958
-0.3896293342113495
-2.126453161239624
-1.4046759605407715
-0.32790908217430115
-1.4301247596740723
2.1244730949401855
-1.0940262079238892
6.155574321746826
-1.3416420221328735
-0.7025890946388245
-1.3070192337036133
-0.7326582670211792
-0.5955685973167419
-0.9374363422393799
-0.6666520237922668
-0.6933456659317017
1.3893271684646606
-1.1247847080230713
0.8778774738311768
-0.47753608226776123
-1.1297322511672974
-0.3286197781562805
3.5241310596466064
-0.35322704911231995
-1.2713992595672607
0.7721678018569946
-0.768768310546875
-0.4805959463119507
6.260406494140625
-1.07302725315094
-0.7272998690605164
-1.4942628145217896
-0.32971933484077454
-0.7818226218223572
-0.8845627307891846
-0.510511040687561
-1.0070134401321411
1.2755751609802246
-1.2292275428771973
5.709568023681641
-0.8963488936424255
-0.4039211571216583
-1.1890500783920288
-0.5802873373031616
-0.47757333517074585
-0.48566898703575134
-0.6641231775283813
-0.12149445712566376
0.8788465261459351
-0.7659469842910767
1.9207533597946167
-0.4179351329803467
-0.8306847810745239
-0.17568552494049072
0.2767409682273865
-0.16809728741645813
-0.690554678440094
-0.03181488439440727
-0.2512068748474121
-0.7698373794555664
6.070346355438232
-0.7613819241523743
-0.4683079123497009
-1.1847363710403442
-0.3271799385547638
-0.5310556888580322
-0.5884104371070862
-0.6316349506378174
-0.19391289353370667
0.6386252641677856
-0.8331584334373474
6.841694355010986
-1.7800648212432861
-0.9856925010681152
-3.209737539291382
-0.654668927192688
-0.8077110648155212
-0.3761332333087921
-1.0819121599197388
-0.3049784302711487
1.5225249528884888
-1.2534945011138916
6.376857757568359
-1.0313111543655396
-1.8332021236419678
0.31044796109199524
0.49909767508506775
0.14257529377937317
-1.3328588008880615
0.48477599024772644
-0.5039925575256348
-1.3534616231918335
7.1051130294799805
-1.4309276342391968
-1.0783122777938843
-3.247161388397217
0.026506928727030754
-0.8839501738548279
-0.5350814461708069
-0.7956043481826782
-0.5449162721633911
1.0993685722351074
-1.449414849281311
5.414367198944092
-1.4981251955032349
-0.4270414412021637
-1.728905439376831
-0.5476754307746887
0.008087456226348877
-0.3620685338973999
-0.8327465057373047
-0.14979203045368195
1.534320592880249
-1.2493209838867188
3.1138601303100586
-0.8443965911865234
-1.4195528030395508
0.015220040455460548
0.804516077041626
0.25620219111442566
-1.04203200340271
-0.18607015907764435
-0.3964120149612427
-0.5937229990959167
5.988415718078613
-1.31337571144104
-0.4979468882083893
-1.758152961730957
-0.17691633105278015
0.03433292359113693
-0.5404855012893677
-0.7200291752815247
-0.37224286794662476
1.2680145502090454
-1.4076186418533325
-0.1831694394350052
-0.1869916170835495
-0.37029966711997986
-0.6081238389015198
0.22938482463359833
-0.5878451466560364
-0.32059717178344727
-0.006096571683883667
-0.011094005778431892
-0.37250247597694397
5.557478427886963
-0.09717372059822083
-0.5950130820274353
-0.3110579252243042
-0.21134746074676514
-0.5431953072547913
-0.5171781778335571
-0.1272800862789154
-0.19159738719463348
-0.15946730971336365
-0.3317815363407135
0.00017218617722392082
-0.16524191200733185
-0.4071469008922577
-0.5532017350196838
0.017018718644976616
-0.6320600509643555
-0.3225628733634949
0.06834691762924194
0.04282534122467041
-0.36333784461021423
5.757725238800049
-0.11899497359991074
-0.7934661507606506
-0.5036594867706299
-1.0443196296691895
0.8172886967658997
-0.6354842782020569
-0.3813488483428955
1.859266757965088
0.1668824851512909
0.1793339103460312
6.054865837097168
0.0417383536696434
-0.8470457792282104
-1.153730869293213
-0.42568984627723694
-1.0694407224655151
-0.8316175937652588
-0.5812550187110901
-0.8464295268058777
0.5792773365974426
-0.13024844229221344
0.012579295784235
-0.6796091794967651
-0.5928752422332764
-1.0168945789337158
0.41459032893180847
-0.8074566125869751
-0.27080798149108887
1.9389007091522217
0.18839500844478607
0.0016046371310949326
6.062950134277344
-0.3734542727470398
-0.4590917229652405
-0.3060971200466156
-0.31121206283569336
1.0459891557693481
-0.38647884130477905
-0.6219186186790466
-0.21764814853668213
-0.14764319360256195
-0.3729417622089386
5.488850116729736
-0.3625543713569641
-0.2824495732784271
-0.43724265694618225
0.04724085330963135
-0.4811527132987976
-0.36523309350013733
-0.10355930030345917
-0.5108742713928223
-0.13273164629936218
-0.4931596517562866
-0.14824354648590088
-0.39184674620628357
-0.3167826533317566
-0.25036659836769104
0.5482761859893799
-0.472578763961792
-0.5843437314033508
-0.05282716453075409
-0.16901984810829163
-0.36563917994499207
5.959832191467285
0.4112975001335144
-0.3344157934188843
-0.7927887439727783
-0.19136151671409607
0.619870662689209
-0.6485874652862549
-0.5704544186592102
0.8773325681686401
-0.1179468035697937
-0.41461190581321716
5.7102227210998535
-0.3721538186073303
-0.6163384318351746
-0.9448076486587524
-0.36986568570137024
-0.5782899260520935
-0.7404472231864929
0.10270728915929794
-0.6473991274833679
0.45996466279029846
-0.6191875338554382
0.5854844450950623
-0.279269278049469
-0.7639010548591614
-0.20431247353553772
0.35322365164756775
-0.6625581383705139
-0.5272425413131714
0.9344808459281921
-0.14428041875362396
-0.40159109234809875
5.597517967224121
2.5755887031555176
-0.8267354369163513
-1.5010393857955933
-0.5611974596977234
1.904846429824829
-0.282092809677124
-1.0517302751541138
3.505053997039795
-0.8817918300628662
-0.4073082208633423
7.173120021820068
-0.9821262359619141
-0.988362729549408
-2.4745354652404785
-0.6278337836265564
-1.3026018142700195
-1.6133432388305664
-0.6904800534248352
-1.116302490234375
1.9629595279693604
-1.1052969694137573
2.6227874755859375
-0.6612980961799622
-1.4546351432800293
-0.5682636499404907
1.306259274482727
-0.5071458220481873
-0.9198222160339355
3.461110830307007
-1.0286600589752197
-0.3923429846763611
6.986373424530029
0.9988744258880615
-0.7311055064201355
-1.0987038612365723
-0.2519218921661377
3.529118061065674
-0.4004707336425781
-1.454408049583435
1.064807653427124
-0.4686630666255951
-0.4620330035686493
6.115856170654297
-1.267581582069397
-0.43360719084739685
-1.3744484186172485
-0.29650476574897766
-0.7205615639686584
-0.9822675585746765
-0.4817977845668793
-0.8329575061798096
1.2217856645584106
-1.2283356189727783
1.4175498485565186
-0.5836384892463684
-0.9939454793930054
-0.09739581495523453
2.361438035964966
-0.5452561378479004
-1.2972244024276733
1.2641346454620361
-0.6643081903457642
-0.39845502376556396
6.479430675506592
2.121934652328491
-0.42877197265625
-0.973796010017395
-0.19909228384494781
0.26782089471817017
-0.2657790184020996
-0.6651988625526428
0.0061270128935575485
-0.10648628324270248
-0.852074146270752
6.04398250579834
-0.7996381521224976
-0.3417229950428009
-1.0539684295654297
-0.41388213634490967
-0.5493879318237305
-0.610876202583313
-0.7031610608100891
-0.23059438169002533
0.6133889555931091
-0.819780707359314
2.426802635192871
-0.44463104009628296
-0.9130967259407043
-0.17532992362976074
-0.13275820016860962
-0.30227622389793396
-0.7248727679252625
0.14791326224803925
-0.1801910698413849
-0.6102304458618164
5.66828727722168
6.8886189460754395
-1.060054898262024
-2.194542646408081
0.22649352252483368
0.4221266210079193
0.07921002060174942
-1.247524619102478
0.6028784513473511
-0.22534139454364777
-1.5428216457366943
6.76912260055542
-1.5943289995193481
-0.9240742921829224
-2.831902027130127
-0.3841787874698639
-0.9167881608009338
-0.4106385111808777
-0.9070256948471069
-0.4518267512321472
1.1348717212677002
-1.3807529211044312
7.165603160858154
-1.0274637937545776
-1.861420750617981
0.1587752401828766
-0.22134362161159515
0.06812774389982224
-1.3822795152664185
0.6834998726844788
-0.4903581738471985
-1.0142643451690674
7.787476062774658
3.430675506591797
-0.9374945163726807
-1.6634056568145752
-0.022447854280471802
0.8286353349685669
0.18334035575389862
-1.062902808189392
-0.21646177768707275
-0.15072739124298096
-0.7268529534339905
6.300170421600342
-1.4213545322418213
-0.37117618322372437
-1.5890175104141235
-0.35868358612060547
-0.4580634832382202
-0.5496242046356201
-0.7626984119415283
-0.34894728660583496
1.1786048412322998
-1.315489649772644
3.8687164783477783
-0.9497557878494263
-1.492688775062561
0.005202988162636757
0.11104872077703476
0.10501881688833237
-1.084517002105713
0.03337232768535614
-0.4147184491157532
-0.4226827621459961
5.949707508087158
-0.42227479815483093
-0.7038017511367798
-0.29355451464653015
-0.3921815752983093
-0.5657416582107544
-0.4298870265483856
-0.23557737469673157
-0.1233372911810875
0.17381225526332855
-0.28042659163475037
-0.3864385187625885
-0.20841281116008759
-0.31112098693847656
-0.5432624220848083
0.4561097025871277
-0.3678189516067505
-0.28961819410324097
-0.2612095773220062
-0.13872458040714264
-0.3999038636684418
5.574609279632568
-0.07552460581064224
-0.6143554449081421
-0.30064138770103455
-0.21752755343914032
-0.6033809185028076
-0.5152319669723511
-0.11450672894716263
-0.20815765857696533
-0.1849433332681656
-0.39209505915641785
0.05902193486690521
-0.4296503961086273
-1.0088918209075928
-0.9327734112739563
-0.7459416389465332
-1.6472856998443604
-0.7120522856712341
-0.6765440106391907
-0.8118557929992676
0.9540902972221375
0.1317044198513031
-0.42948928475379944
-0.6487303376197815
-0.4602203667163849
-1.0139814615249634
1.5258469581604004
-0.34288284182548523
-0.16096444427967072
1.26309335231781
-0.1956159919500351
0.117799311876297
5.859559059143066
0.015667272731661797
-0.8501013517379761
-1.0689105987548828
-0.4518762230873108
-1.0300111770629883
-0.7983229160308838
-0.5380104184150696
-0.7985215783119202
0.5584605932235718
-0.22709131240844727
0.02968895621597767
-0.6510329842567444
-0.4791369140148163
-0.3649559020996094
-0.2672145962715149
-0.2856593728065491
-0.4085858464241028
-0.3352753818035126
-0.4598889648914337
0.11603587120771408
-0.4956299364566803
-0.5624340772628784
-0.42641186714172363
-0.3103192150592804
-0.38164350390434265
1.3837089538574219
-0.19573745131492615
-0.5738637447357178
-0.4934431314468384
-0.32306215167045593
-0.4325534403324127
5.616468906402588
-0.34804823994636536
-0.29506629705429077
-0.3947336971759796
0.03525962308049202
-0.5536490082740784
-0.42378419637680054
-0.0971778854727745
-0.5101214051246643
-0.17755462229251862
-0.5521395206451416
-0.04676308482885361
-0.5724349021911621
-0.6988211870193481
-0.9739964604377747
-0.6382694840431213
-0.6667709946632385
-0.5553620457649231
0.10509902238845825
-0.5176507234573364
0.7655448913574219
-0.5226622819900513
0.030444499105215073
-0.20467081665992737
-0.6370517015457153
-0.18575727939605713
0.7474905848503113
-0.4063456356525421
-0.4757201075553894
0.45123204588890076
-0.24781011044979095
-0.41002070903778076
5.762670993804932
-0.43655332922935486
-0.6504111289978027
-0.9029353857040405
-0.40199699997901917
-0.6219923496246338
-0.7488765716552734
0.08850724250078201
-0.6611009240150452
0.435863733291626
-0.6346724033355713
0.7080550789833069
-1.0845863819122314
-1.1223764419555664
-2.2444372177124023
-1.2335913181304932
-1.772769570350647
-1.4121038913726807
-0.7439252734184265
-0.9836800694465637
2.4643115997314453
-0.7852055430412292
1.4421519041061401
-0.420116126537323
-1.3248095512390137
-0.6547850966453552
2.669504165649414
0.03258991986513138
-0.7862327098846436
2.2731034755706787
-1.2966935634613037
-0.391237735748291
7.521691799163818
-1.1547517776489258
-1.0248476266860962
-2.293720245361328
-0.6519405245780945
-1.2590627670288086
-1.6096354722976685
-0.8534360527992249
-1.1752197742462158
1.9971506595611572
-1.1305989027023315
2.776885986328125
-1.4478366374969482
-0.8260836005210876
-1.2068772315979004
-0.9745128750801086
-0.2870025932788849
-0.9485924243927002
-0.8559545278549194
-0.6598623394966125
1.5618845224380493
-1.1188321113586426
0.3621700704097748
-0.4193589687347412
-0.979363739490509
-0.4120309352874756
3.9847588539123535
-0.13501766324043274
-1.248627781867981
0.2997240424156189
-0.8505759239196777
-0.5658071041107178
6.038881301879883
-1.3508074283599854
-0.3604813516139984
-1.2572482824325562
-0.30409514904022217
-0.8408169746398926
-0.9641343355178833
-0.502371072769165
-0.8392313122749329
1.1704972982406616
-1.2462050914764404
1.6682969331741333
-0.8987565636634827
-0.4808925986289978
-1.1744534969329834
-0.6607227921485901
-0.19627603888511658
-0.44470956921577454
-0.5999340415000916
-0.09181923419237137
1.256847858428955
-0.7777062654495239
1.3217312097549438
-0.42024749517440796
-0.792273998260498
-0.18556322157382965
0.5430604219436646
-0.052409663796424866
-0.6907362937927246
-0.27906063199043274
-0.3031291365623474
-0.785235583782196
6.085770130157471
-0.8420038223266602
-0.34671032428741455
-0.9525893330574036
-0.4293194115161896
-0.6617301106452942
-0.6407089829444885
-0.7513999342918396
-0.2949007451534271
0.6913962364196777
-0.8456034660339355
2.6415765285491943
-1.745544672012329
-1.1267393827438354
-3.140411615371704
-0.8770429491996765
-0.12205443531274796
-0.5572152137756348
-1.1864653825759888
-0.31570351123809814
2.4192934036254883
-1.4090443849563599
4.844285011291504
-1.0784783363342285
-1.903926134109497
0.03494328632950783
1.650397539138794
0.3966953158378601
-1.3281874656677246
-0.27888059616088867
-0.8842725157737732
-1.4160672426223755
7.314091682434082
-1.7282522916793823
-0.929252028465271
-2.454643726348877
-0.3296981155872345
-1.1650011539459229
-0.48630043864250183
-1.188873529434204
-0.6690350770950317
1.4781110286712646
-1.4716765880584717
7.558672904968262
-1.412259817123413
-0.5399165153503418
-1.7192026376724243
-0.6769218444824219
0.4417707920074463
-0.41810595989227295
-0.8783991932868958
-0.2835197150707245
2.015998125076294
-1.2959332466125488
2.2892730236053467
-0.9354130029678345
-1.455535650253296
-0.15094244480133057
1.2383592128753662
0.4104684591293335
-1.0657025575637817
-0.5187544822692871
-0.5585828423500061
-0.6148543357849121
6.681433200836182
-1.4177541732788086
-0.36169373989105225
-1.3868621587753296
-0.32405364513397217
-0.751392662525177
-0.6387882232666016
-0.9768280982971191
-0.5162085890769958
1.3029390573501587
-1.3394273519515991
4.251125335693359
-0.19146902859210968
-0.4430067837238312
-0.5441062450408936
-0.021436693146824837
-0.6341843605041504
-0.3179242014884949
0.07620591670274734
-0.018393995240330696
-0.36948251724243164
5.825322151184082
-0.5226352214813232
-0.7198779582977295
-0.2805812358856201
-0.41211044788360596
-0.5860779881477356
-0.4392406940460205
-0.21866632997989655
-0.17325682938098907
0.22073142230510712
-0.33623006939888
-0.4507199823856354
-0.19107338786125183
-0.31793347001075745
-0.5866794586181641
0.647573709487915
-0.3559165596961975
-0.31706503033638
-0.2983299493789673
-0.19325171411037445
-0.3967715799808502
0.0
0.0
-0.5880919694900513
-0.5675305724143982
-0.9366027116775513
0.40793922543525696
-0.7832661271095276
-0.2620198726654053
1.9096670150756836
0.13449794054031372
-0.10702230036258698
6.174625873565674
-0.5581557750701904
-1.0611768960952759
-0.8526687026023865
-0.7873977422714233
-1.6467788219451904
-0.6736157536506653
-0.5994740128517151
-0.8244828581809998
0.945761501789093
0.11404137313365936
-0.458894819021225
-0.58478182554245
-0.43143248558044434
-1.0363590717315674
1.6995383501052856
-0.31882190704345703
-0.16655562818050385
1.0928559303283691
-0.27703365683555603
0.103800930082798
0.0
0.0
-0.4076627492904663
-0.3715912997722626
-0.24136412143707275
0.4387132525444031
-0.44376686215400696
-0.5705554485321045
-0.0471515953540802
-0.24837051331996918
-0.37563446164131165
5.947298049926758
-0.7309877872467041
-0.5046011209487915
-0.3816896080970764
-0.32117384672164917
-0.3065810799598694
-0.416506826877594
-0.329708993434906
-0.4927682876586914
0.1494271457195282
-0.5377506613731384
-0.5932574272155762
-0.3818574845790863
-0.2857680022716522
-0.42797666788101196
1.636951208114624
-0.16666382551193237
-0.6344898343086243
-0.5240216255187988
-0.38616451621055603
-0.45704957842826843
0.0
0.0
-0.29101884365081787
-0.7869341373443604
-0.25547006726264954
0.2870325446128845
-0.6613789796829224
-0.5491710901260376
0.9244933724403381
-0.23792007565498352
-0.39553484320640564
5.5656890869140625
-0.6623928546905518
-0.7428151965141296
-0.9578906297683716
-0.6946583986282349
-0.620742917060852
-0.5805078744888306
0.0742068812251091
-0.5474993586540222
0.8958705067634583
-0.5506234169006348
-0.09054845571517944
-0.16089892387390137
-0.6430179476737976
-0.2303514927625656
1.0268328189849854
-0.3623984158039093
-0.5133916139602661
0.3698872923851013
-0.30881360173225403
-0.3802107870578766
0.0
0.0
-0.6196407675743103
-1.4359163045883179
-0.5936641693115234
1.1098296642303467
-0.5049473643302917
-0.9640582203865051
3.4122769832611084
-1.1489263772964478
-0.4289911389350891
6.958439826965332
-1.1454954147338867
-1.1732680797576904
-2.12117338180542
-1.2881488800048828
-1.5851460695266724
-1.3955961465835571
-0.7351387143135071
-1.0074939727783203
2.7063117027282715
-0.7719275951385498
0.9837260842323303
-0.27759796380996704
-1.3044010400772095
-0.7296006679534912
2.9877023696899414
0.19124102592468262
-0.7839003205299377
2.050048828125
-1.3508498668670654
-0.37857794761657715
0.0
0.0
-0.5317469239234924
-0.9454433917999268
-0.07560251653194427
2.0888378620147705
-0.481195867061615
-1.281153678894043
1.276922345161438
-0.7998998761177063
-0.39480721950531006
6.440103054046631
-1.466926097869873
-0.8362799286842346
-1.1849430799484253
-1.028784990310669
-0.159946471452713
-0.9674240946769714
-0.8561670780181885
-0.6783063411712646
1.684507966041565
-1.159863829612732
0.1588166058063507
-0.3339821398258209
-0.9103389382362366
-0.4659442901611328
4.231446266174316
-0.008187053725123405
-1.3071869611740112
0.23559792339801788
-0.9034571051597595
-0.5695013403892517
0.0
0.0
-0.4919034540653229
-0.8748947381973267
-0.2536841630935669
-0.20083428919315338
-0.2881307005882263
-0.7397316694259644
0.18873028457164764
-0.34166157245635986
-0.5731213688850403
5.671991348266602
-0.9280489683151245
-0.4389752745628357
-1.1486728191375732
-0.67566978931427
-0.11938876658678055
-0.5040958523750305
-0.609796941280365
-0.19453980028629303
1.5216950178146362
-0.844791054725647
0.8601646423339844
-0.41652071475982666
-0.8270628452301025
-0.2621390223503113
0.8629623651504517
0.05097189545631409
-0.7596216797828674
-0.24127072095870972
-0.37052568793296814
-0.7531585097312927
0.0
0.0
-1.1789977550506592
-1.7532044649124146
-0.03019515424966812
-0.45405516028404236
0.048155367374420166
-1.425176739692688
0.8240829110145569
-0.7795346975326538
-0.8678714036941528
7.893070220947266
-1.6606700420379639
-0.9157404899597168
-3.0189902782440186
-0.8582537174224854
0.2362879365682602
-0.6013148427009583
-1.2062368392944336
-0.6353392601013184
3.1755294799804688
-1.4837183952331543
3.3426010608673096
-1.135559320449829
-1.9619169235229492
-0.18425047397613525
2.2139952182769775
0.6717038750648499
-1.4444324970245361
-0.25922054052352905
-0.9716275930404663
-1.2987926006317139
0.0
0.0
-1.0271631479263306
-1.4088468551635742
-0.0950816422700882
0.02809075638651848
0.06846543401479721
-1.1180939674377441
0.18601472675800323
-0.6412841081619263
-0.30999597907066345
6.097684383392334
-1.3620482683181763
-0.47778886556625366
-1.6759787797927856
-0.6843829154968262
0.6192373633384705
-0.5261430740356445
-0.9493474364280701
-0.4533628225326538
2.395397186279297
-1.3810611963272095
1.5889062881469727
-0.9577227830886841
-1.4889918565750122
-0.25539684295654297
1.625105381011963
0.5885583758354187
-1.1791447401046753
-0.4283382296562195
-0.6500982046127319
-0.5717064142227173
0.0
0.0
