5.365135669708252
-0.4154341220855713
-0.5912336707115173
-0.4665337800979614
-0.34774285554885864
-0.4752337336540222
-0.45467567443847656
-0.4344325661659241
-0.1198185607790947
0.32833513617515564
-0.21404942870140076
-0.1810903251171112
-0.18235287070274353
-0.4541919231414795
-0.7789576053619385
0.10513395071029663
-0.2636004686355591
-0.27320611476898193
0.30671659111976624
-0.35395288467407227
-0.18745815753936768
5.351305961608887
-0.41105571389198303
-0.5199386477470398
-0.4145644009113312
-0.3406082093715668
-0.5157833695411682
-0.4000030755996704
-0.4103090167045593
-0.09365401417016983
0.25149327516555786
-0.2351752370595932
5.444051742553711
-0.6493999361991882
-0.5559204816818237
-0.4555140435695648
-0.5343665480613708
-0.4896240234375
-0.7975079417228699
-0.6898967623710632
-0.3489159643650055
0.5697218179702759
-0.31997936964035034
-0.007940579205751419
-0.18820609152317047
-0.45890408754348755
-0.587044358253479
1.0149329900741577
-0.2956078350543976
-0.49541395902633667
0.47271761298179626
-0.48066073656082153
-0.24230125546455383
5.423043727874756
-0.6101657152175903
-0.49397870898246765
-0.4238409996032715
-0.5195464491844177
-0.5811512470245361
-0.691556990146637
-0.6352052092552185
-0.31792765855789185
0.46041005849838257
-0.3079175651073456
6.266647815704346
-1.0438429117202759
0.23434759676456451
-1.3128527402877808
-1.1996240615844727
-0.5800511240959167
-0.9349051713943481
-0.8378863334655762
-0.24949407577514648
1.542805552482605
-1.3628779649734497
3.222114324569702
-0.8438922166824341
-1.78504478931427
0.5493924021720886
0.5477285385131836
0.137792706489563
-1.0950477123260498
0.17801494896411896
-0.22303113341331482
-1.0573930740356445
6.281687259674072
-0.9862860441207886
0.06095435470342636
-1.143589735031128
-1.0970513820648193
-0.889614462852478
-0.8849582672119141
-0.7550492286682129
-0.3259809613227844
1.302878975868225
-1.1859804391860962
6.4620137214660645
-1.2244157791137695
0.19293005764484406
-1.6515036821365356
-1.4796197414398193
-0.6648816466331482
-1.1977722644805908
-0.8651914596557617
-0.4036281704902649
2.046966552734375
-1.729324460029602
3.9962518215179443
-1.470373272895813
-2.04966402053833
0.8018011450767517
1.3778305053710938
0.03137054294347763
-1.4135534763336182
0.5591045618057251
-0.2621352970600128
-0.9601442217826843
6.670492172241211
-1.1513179540634155
-0.011674085631966591
-1.460646152496338
-1.3505572080612183
-1.046860933303833
-1.11479914188385
-0.8076500296592712
-0.5113123059272766
1.7606992721557617
-1.5278247594833374
-0.16983863711357117
-0.18787682056427002
-0.39351463317871094
-0.6900069117546082
0.09772399067878723
-0.3347422778606415
-0.2641746401786804
0.23703408241271973
-0.32118701934814453
-0.21034352481365204
5.2116875648498535
-0.2590978741645813
-0.7158632278442383
-0.46029189229011536
-0.28228959441185
-0.633155882358551
-0.49238330125808716
-0.3072833716869354
-0.06995515525341034
0.2376689612865448
-0.34103673696517944
-0.01687370240688324
-0.12350248545408249
-0.5316397547721863
-0.8837224841117859
-0.007329809013754129
-0.34348446130752563
-0.27283114194869995
0.5776535272598267
-0.2701724171638489
-0.15555603802204132
5.669953346252441
-0.02300095371901989
-0.21585357189178467
-0.39167293906211853
-0.5121277570724487
0.9757550358772278
-0.35589131712913513
-0.4606565833091736
0.3940843939781189
-0.45504772663116455
-0.2583180367946625
5.284146308898926
-0.5918202996253967
-0.5807533264160156
-0.514618992805481
-0.34884387254714966
-0.6783393621444702
-0.9036202430725098
-0.5541467070579529
-0.3504992723464966
0.5123288035392761
-0.4606449007987976
0.3661746382713318
-0.17890280485153198
-0.5420834422111511
-0.616434633731842
0.7558899521827698
-0.38579684495925903
-0.5365026593208313
0.8351336717605591
-0.4560786187648773
-0.23218677937984467
5.663858413696289
2.664329767227173
-0.9223224520683289
-1.6668423414230347
0.5394101738929749
0.4844127595424652
-0.12112820148468018
-1.0355137586593628
0.21730899810791016
-0.25269758701324463
-0.878790020942688
5.953190326690674
-0.9277620911598206
0.062437258660793304
-1.4846535921096802
-1.116555094718933
-0.9256224036216736
-0.893531322479248
-0.6204817891120911
-0.1783868819475174
1.3112560510635376
-1.5233361721038818
5.162977695465088
-0.8217458724975586
-1.8662000894546509
0.5835335850715637
-0.3950086832046509
-0.11836384236812592
-1.256978988647461
0.40586692094802856
-0.05278469994664192
-1.248128056526184
6.152962684631348
3.3351523876190186
-1.5298562049865723
-1.9367501735687256
0.7855720520019531
1.2270348072052002
-0.25362569093704224
-1.3082349300384521
0.555657148361206
-0.33819663524627686
-0.7998355031013489
5.698498725891113
-1.1329048871994019
0.07842489331960678
-1.858992099761963
-1.262345552444458
-1.0990403890609741
-1.0617314577102661
-0.5191285014152527
-0.38661766052246094
1.8169680833816528
-1.8763253688812256
6.364960193634033
-1.4038513898849487
-2.1151421070098877
0.9001765847206116
0.18414618074893951
-0.3479318916797638
-1.610443115234375
0.8756840825080872
-0.07776220142841339
-1.1869380474090576
6.851863861083984
-0.5504357814788818
-0.6440563201904297
-0.5201292634010315
-0.4379597008228302
-0.5385242700576782
-0.39660462737083435
-0.4997759461402893
-0.12919959425926208
0.5504051446914673
-0.22251351177692413
-0.23863168060779572
-0.21492476761341095
-0.4531818926334381
-0.8399670720100403
0.31911346316337585
-0.10011480748653412
-0.3384461998939514
0.22980806231498718
-0.3653724193572998
-0.21030254662036896
5.2456159591674805
-0.2810291349887848
-0.6901524662971497
-0.44682633876800537
-0.3168133497238159
-0.6044976711273193
-0.5354143977165222
-0.30245694518089294
-0.09055545926094055
0.25187766551971436
-0.29741233587265015
-0.03718101233243942
-0.8069378137588501
-0.6158148050308228
-0.4642191529273987
-0.6840482354164124
-0.45761367678642273
-0.7871153950691223
-0.7865306735038757
-0.3635396957397461
0.7499471306800842
-0.3226059675216675
-0.14919117093086243
-0.2184552401304245
-0.4234645962715149
-0.6757062077522278
1.5309077501296997
-0.13985584676265717
-0.6184213161468506
0.3970963954925537
-0.4892696440219879
-0.2751033902168274
5.290647029876709
-0.6147709488868713
-0.5174973607063293
-0.5014711618423462
-0.4033551812171936
-0.6535007953643799
-0.9392857551574707
-0.5625272989273071
-0.3409269452095032
0.5321753621101379
-0.44109833240509033
0.40242570638656616
-1.2407846450805664
0.19657909870147705
-1.4866483211517334
-1.444071650505066
-0.18589238822460175
-1.1892282962799072
-0.9947836399078369
-0.3486252427101135
2.1586508750915527
-1.600846767425537
2.3337903022766113
-0.8419836759567261
-2.064774990081787
0.577523410320282
1.7858796119689941
0.37629908323287964
-1.4242548942565918
0.3027801215648651
-0.17161962389945984
-1.2415748834609985
5.87012243270874
-0.9760074615478516
0.14985014498233795
-1.4978892803192139
-1.1311062574386597
-0.9564405679702759
-0.8649022579193115
-0.631675124168396
-0.15163779258728027
1.4349979162216187
-1.40986168384552
5.398901462554932
-1.4461580514907837
0.1133497878909111
-1.8255932331085205
-1.7268184423446655
-0.1518031805753708
-1.5380535125732422
-1.0970498323440552
-0.6473178863525391
2.7427265644073486
-2.0478134155273438
2.933471918106079
-1.5462541580200195
-2.3660969734191895
0.8072757124900818
2.9237537384033203
0.18169374763965607
-1.824190616607666
0.7534621357917786
-0.2802780866622925
-1.1412831544876099
5.507930278778076
-1.1483780145645142
0.1725335270166397
-1.8761651515960693
-1.290372610092163
-1.122801661491394
-1.031372308731079
-0.5691260099411011
-0.3003675937652588
1.9796589612960815
-1.7868086099624634
6.6835408210754395
-0.10083965212106705
-0.5358009338378906
-0.9003973603248596
0.04627137631177902
-0.32868531346321106
-0.32455310225486755
0.5698767900466919
-0.280517578125
-0.11753839999437332
5.616330146789551
-0.5889869928359985
-0.7013005018234253
-0.46082860231399536
-0.4744172990322113
-0.5601654052734375
-0.41016408801078796
-0.4947514533996582
-0.13280901312828064
0.6248348355293274
-0.28455647826194763
-0.29790905117988586
-0.1998443603515625
-0.48158442974090576
-0.8766058087348938
0.3984137773513794
-0.03474510833621025
-0.3805772364139557
0.17790193855762482
-0.37290647625923157
-0.16518455743789673
0.0
0.0
-0.14802059531211853
-0.5339380502700806
-0.6213170886039734
0.7448066473007202
-0.36946913599967957
-0.5423615574836731
0.8126154541969299
-0.4630236327648163
-0.19041511416435242
5.5814948081970215
-0.8291085362434387
-0.6970279812812805
-0.4027767479419708
-0.7330307364463806
-0.45081713795661926
-0.8209402561187744
-0.7725411653518677
-0.3560182452201843
0.8136683106422424
-0.3694240152835846
-0.21322573721408844
-0.1774345487356186
-0.4795330762863159
-0.7347670197486877
1.6493542194366455
-0.1012105867266655
-0.6434819102287292
0.3339862525463104
-0.5181030631065369
-0.21136629581451416
0.0
0.0
-0.8236908316612244
-1.8167763948440552
0.5552797317504883
-0.5727919340133667
-0.15736477077007294
-1.2284213304519653
0.4276236891746521
-0.1147177517414093
-1.103463888168335
6.00996732711792
-1.2176940441131592
0.1756739616394043
-1.3680500984191895
-1.4870558977127075
0.1024428978562355
-1.084789514541626
-0.9698752164840698
-0.2752031683921814
2.45998477935791
-1.5681496858596802
1.7114107608795166
-0.7359467148780823
-2.0372328758239746
0.6340627670288086
1.930997371673584
0.4960883855819702
-1.404204249382019
0.2504475712776184
-0.23110449314117432
-1.237396240234375
0.0
0.0
-1.3678501844406128
-2.0306265354156494
0.8968764543533325
-0.03974103555083275
-0.38525155186653137
-1.5421994924545288
0.9004867076873779
-0.14283934235572815
-1.0169682502746582
6.64436149597168
-1.4258699417114258
0.10063815116882324
-1.7095649242401123
-1.816886067390442
0.22358937561511993
-1.4120484590530396
-1.0733811855316162
-0.5044772624969482
3.0517377853393555
-1.9814082384109497
2.19338321685791
-1.3827022314071655
-2.3361659049987793
0.8422286510467529
3.2587413787841797
0.2980346977710724
-1.7997745275497437
0.6836798191070557
-0.36603429913520813
-1.1755211353302002
0.0
0.0
