5.538284778594971
-0.7250087857246399
-1.3534879684448242
-1.4995728731155396
0.36813268065452576
-1.3948971033096313
-0.8226150274276733
0.0028424356132745743
-0.34153687953948975
0.5634064674377441
-0.47119858860969543
2.4807093143463135
-0.2320447564125061
-2.0370616912841797
-0.9070098400115967
0.37039491534233093
-0.04487745463848114
0.0963485985994339
1.8041361570358276
-0.37629303336143494
-0.9669652581214905
5.609339714050293
-0.7031959891319275
-1.2961249351501465
-1.4854313135147095
0.3661366105079651
-1.3838576078414917
-0.8375488519668579
0.007794142235070467
-0.36019742488861084
0.5881339907646179
-0.4969460368156433
2.5336475372314453
-0.24523238837718964
-2.02262020111084
-0.8471693396568298
0.3460559844970703
-0.03034726157784462
0.04852299764752388
1.8304355144500732
-0.35993584990501404
-0.975003719329834
5.829939365386963
-0.7327641844749451
-1.4472646713256836
-1.4502348899841309
0.3805253207683563
-1.3151812553405762
-0.8764123320579529
-0.14003758132457733
-0.30651962757110596
0.42912259697914124
-0.4751746654510498
2.310128688812256
-0.2044418603181839
-2.0538601875305176
-0.9139949679374695
0.3708237111568451
-0.10069220513105392
0.09395517408847809
1.7277456521987915
-0.3204258978366852
-1.0355477333068848
5.73724365234375
-0.981156051158905
-1.3017780780792236
-1.4240325689315796
0.2126646339893341
-1.3690592050552368
-0.9459736943244934
-0.29886576533317566
-0.22154517471790314
0.6913548111915588
-0.41677895188331604
2.226621150970459
-0.15718279778957367
-1.9964418411254883
-0.8713173270225525
0.594375729560852
0.05064086616039276
0.18464137613773346
1.5457227230072021
-0.5616232752799988
-0.8504888415336609
6.0184550285339355
-0.7675843834877014
-1.4047647714614868
-1.3441507816314697
0.3431375026702881
-1.2142136096954346
-0.8706444501876831
-0.21394571661949158
-0.20372417569160461
0.38927024602890015
-0.38848650455474854
2.1921074390411377
-0.09620518237352371
-1.9471323490142822
-0.9125956296920776
0.44376933574676514
-0.18115052580833435
0.11920785903930664
1.6502364873886108
-0.23714888095855713
-1.0661064386367798
6.110397815704346
-0.8625255823135376
-1.2480047941207886
-1.4155800342559814
0.18251343071460724
-1.291985273361206
-0.8725487589836121
-0.39371636509895325
-0.2267947942018509
0.840445339679718
-0.2858538031578064
1.811183214187622
-0.19412225484848022
-1.906984806060791
-0.8997370004653931
0.8771648406982422
0.10792876780033112
0.21326123178005219
1.293110966682434
-0.5625267624855042
-0.8529237508773804
0.0
0.0
