0.4081348180770874
0.3882008492946625
-0.4438020586967468
-0.2931002378463745
0.43350744247436523
0.4431714713573456
-0.4122437536716461
-0.313368022441864
0.35344207286834717
0.32419833540916443
-0.5685712695121765
-0.046477437019348145
0.391288161277771
0.41229376196861267
-0.19960933923721313
-0.5810990333557129
0.3218628466129303
0.3157048225402832
-0.5639854669570923
0.06201564520597458
0.3869970142841339
0.4095790684223175
-0.06701469421386719
-0.6729515790939331
0.0
0.0
0.0
0.0
0.0
0.0
0.0
0.0
0.08023130148649216
0.3931303024291992
-0.024982431903481483
-0.4385407567024231
0.30854377150535583
0.45375192165374756
-0.04650631546974182
-0.4507599472999573
0.3094075322151184
0.38059109449386597
-0.2696346938610077
-0.1706298589706421
-0.06187029555439949
0.38353559374809265
0.32934513688087463
-0.6862574219703674
0.3777139484882355
0.40074390172958374
-0.3278259336948395
-0.03106354922056198
-0.11664166301488876
0.3357711136341095
0.4123300611972809
-0.7257934808731079
0.0
0.0
0.0
0.0
0.0
0.0
0.0
0.0
0.2129364311695099
0.2868964970111847
0.1711292415857315
-0.3973824679851532
0.22619549930095673
0.42641982436180115
0.2103954404592514
-0.33632364869117737
0.24749596416950226
0.41033053398132324
-0.13117866218090057
-0.028895393013954163
0.10782899707555771
0.397621214389801
0.2996687889099121
-0.5535809397697449
0.2748449742794037
0.5559026002883911
-0.29982390999794006
0.14599692821502686
0.15235473215579987
0.35312768816947937
0.3397011458873749
-0.6244353652000427
0.0
0.0
0.0
0.0
0.0
0.0
0.0
0.0
0.05876648426055908
0.4572209119796753
0.10973581671714783
-0.3334676921367645
0.10586168617010117
0.5307207107543945
0.15895423293113708
-0.27027395367622375
0.10780306160449982
0.6021600961685181
-0.2716792821884155
0.10936105251312256
-0.02826903574168682
0.3103860020637512
0.49845895171165466
-0.7156816124916077
0.14778348803520203
0.7079743146896362
-0.43010413646698
0.29458674788475037
-0.04125043377280235
0.2118818312883377
0.5672124028205872
-0.7908915877342224
0.0
0.0
0.0
0.0
0.0
0.0
0.0
0.0
-0.05936179682612419
0.3266047239303589
0.2263312190771103
-0.28960657119750977
-0.06877686083316803
0.4318849742412567
0.35862529277801514
-0.26294881105422974
-0.05570846423506737
0.44507744908332825
-0.07715436816215515
0.12562412023544312
-0.11888765543699265
0.2121465653181076
0.4223247766494751
-0.6513677835464478
-0.023580526933073997
0.5445561408996582
-0.2508752942085266
0.2893356382846832
-0.031117357313632965
0.15685129165649414
0.46468058228492737
-0.7403451800346375
0.0
0.0
0.0
0.0
0.0
0.0
0.0
0.0
0.3842008709907532
0.599925696849823
0.1947978436946869
-0.38045528531074524
0.28820306062698364
0.6554822325706482
0.17454023659229279
-0.41717728972435
0.1633204221725464
0.6234037280082703
-0.13202190399169922
0.02793915569782257
0.2507428824901581
0.38962170481681824
0.4669792652130127
-0.7101798057556152
0.06773021817207336
0.6201293468475342
-0.31651097536087036
0.2356080412864685
0.279018759727478
0.28210851550102234
0.5690752863883972
-0.7783636450767517
0.0
0.0
0.0
0.0
0.0
0.0
0.0
0.0
0.023274380713701248
0.9608136415481567
0.001764003187417984
-0.5600194334983826
0.049580931663513184
0.8599815368652344
-0.05614084377884865
-0.6009916663169861
0.01297015231102705
0.7773256301879883
-0.46727198362350464
-0.0821952372789383
-0.06944962590932846
0.7617258429527283
0.4396154284477234
-0.8949281573295593
-0.013733342289924622
0.7096605896949768
-0.6605775952339172
0.18164202570915222
-0.10748220235109329
0.609427273273468
0.5148601531982422
-0.9294180870056152
0.0
0.0
0.0
0.0
0.0
0.0
0.0
0.0
0.15620262920856476
0.5411143898963928
-0.15449756383895874
-0.5340169668197632
-0.006191842257976532
0.6999073028564453
-0.24273553490638733
-0.4326920807361603
-0.04844711348414421
0.6416661143302917
-0.7376148700714111
-0.08030910044908524
0.3179519474506378
0.369833379983902
0.4881591498851776
-0.9468296766281128
-0.12416031211614609
0.7106356024742126
-0.9766425490379333
0.18236321210861206
0.3877238631248474
0.32153648138046265
0.696194589138031
-1.0469367504119873
0.0
0.0
0.0
0.0
0.0
0.0
0.0
0.0
-0.11988258361816406
0.6438886523246765
-0.9888774156570435
-0.4982909560203552
-0.15432371199131012
0.7591395974159241
-0.9921548366546631
-0.3484940826892853
-0.18502818048000336
0.5792680978775024
-1.165166974067688
-0.05133765935897827
-0.05418729409575462
0.8097268342971802
-0.3579852283000946
-0.9949786067008972
-0.1681283414363861
0.5425428152084351
-1.211997628211975
0.10090366005897522
-0.003375573083758354
0.8112975358963013
0.10041540861129761
-1.263262152671814
0.0
0.0
0.0
0.0
0.0
0.0
0.0
0.0
0.0005940026603639126
0.4688415229320526
-0.15817005932331085
-0.12834718823432922
0.060544513165950775
0.6063230037689209
-0.2570008337497711
-0.07199306786060333
-0.005187278613448143
0.36646759510040283
-0.44798263907432556
0.16431894898414612
-0.008924243971705437
0.423175185918808
0.3312617242336273
-0.5398523807525635
0.002639399841427803
0.2840065360069275
-0.5158632397651672
0.21799926459789276
-0.038194604218006134
0.37865474820137024
0.4870125949382782
-0.6609195470809937
0.0
0.0
0.0
0.0
0.0
0.0
0.0
0.0
0.5564875602722168
0.14449641108512878
-0.8220502734184265
0.07792103290557861
0.6185932159423828
0.30976012349128723
-0.8040443658828735
0.041071586310863495
0.47192394733428955
-0.05879953131079674
-0.8653777837753296
0.30614230036735535
0.5857192277908325
0.28600144386291504
-0.54088294506073
-0.33500707149505615
0.4071032702922821
-0.07614699006080627
-0.8117108345031738
0.3381810188293457
0.5993071794509888
0.3306030035018921
-0.3634282946586609
-0.5343675017356873
0.0
0.0
0.0
0.0
0.0
0.0
0.0
0.0
0.14246900379657745
0.21261213719844818
-0.4003627896308899
0.04426196590065956
0.7385818958282471
0.42206811904907227
-0.16652092337608337
-0.001391720026731491
0.9412068724632263
-0.03465226665139198
-0.23606006801128387
0.2670939266681671
-0.05208936706185341
0.3848417401313782
0.2618958353996277
-0.5180712342262268
1.0488001108169556
-0.07609058916568756
-0.22243094444274902
0.29914215207099915
-0.09464611858129501
0.376436710357666
0.5208975076675415
-0.7728303670883179
0.0
0.0
0.0
0.0
0.0
0.0
0.0
0.0
0.7913443446159363
0.8375537991523743
-0.11107347905635834
0.006477244198322296
0.9744799137115479
0.903502881526947
0.002968069165945053
-0.35406166315078735
1.0814898014068604
0.5835164785385132
-0.2695004940032959
0.21622495353221893
0.7044687867164612
0.9633204340934753
0.15857920050621033
-0.6850197911262512
1.0339206457138062
0.3724451959133148
-0.579105019569397
0.31033363938331604
0.6124396324157715
0.8701272010803223
0.32471391558647156
-1.1832863092422485
0.0
0.0
0.0
0.0
0.0
0.0
0.0
0.0
0.02156398445367813
1.7284166812896729
0.4984455704689026
-0.5071951150894165
0.2535019814968109
1.7429163455963135
0.256270170211792
-1.1135430335998535
0.3419281244277954
1.8102878332138062
-0.1392650306224823
0.3331701159477234
-0.06162652373313904
1.243127465248108
0.9126304984092712
-1.344093918800354
0.4409269392490387
1.083516240119934
-0.5991472005844116
0.4009408950805664
-0.16096705198287964
1.0313435792922974
1.0880669355392456
-1.732444167137146
0.0
0.0
0.0
0.0
0.0
0.0
0.0
0.0
-0.48579004406929016
1.0606948137283325
0.9721366167068481
-0.5377917289733887
-0.5161439180374146
1.4928631782531738
1.077620267868042
-0.7124924063682556
-0.4569202661514282
1.3818656206130981
0.4839288592338562
0.02198617160320282
-0.5089027881622314
0.7848489880561829
0.8188141584396362
-1.0695770978927612
-0.37084758281707764
1.113298773765564
-0.06904812902212143
0.24685639142990112
-0.43361854553222656
0.7261631488800049
0.8664005398750305
-1.4533426761627197
0.0
0.0
0.0
0.0
0.0
0.0
0.0
0.0
0.8088791370391846
1.5655864477157593
0.288269966840744
-0.24253450334072113
0.2003306746482849
1.789737582206726
0.2999398112297058
-0.5989845991134644
-0.2721312344074249
1.1999719142913818
0.05818052589893341
0.35452401638031006
1.0391823053359985
1.1833163499832153
1.03444242477417
-1.0739589929580688
-0.6030009984970093
0.6740862131118774
-0.13278406858444214
0.4907309412956238
0.9879252314567566
0.9681857824325562
1.2486308813095093
-1.4383984804153442
0.0
0.0
0.0
0.0
0.0
0.0
0.0
0.0
-0.3318794369697571
1.5994247198104858
-0.0038783103227615356
0.1667833924293518
-0.3026653826236725
1.5669571161270142
-0.3569662272930145
-0.37520644068717957
-0.35457929968833923
0.6698121428489685
-0.7767735719680786
0.6897348165512085
-0.3948921859264374
1.3174854516983032
0.8297179341316223
-0.8493262529373169
-0.37617528438568115
0.1393362581729889
-0.9498385190963745
0.7884160280227661
-0.4548513889312744
1.129389762878418
1.0884581804275513
-1.3072762489318848
0.0
0.0
0.0
0.0
0.0
0.0
0.0
0.0
-0.09819485992193222
0.8395352959632874
0.025336630642414093
0.18574407696723938
-0.3700031042098999
1.1625607013702393
-0.27396172285079956
0.07685206830501556
-0.3703535199165344
0.25890082120895386
-1.1469111442565918
0.9325326681137085
0.3671805262565613
0.7746008634567261
1.0938776731491089
-0.8428107500076294
-0.4232930839061737
0.04932165890932083
-1.4511033296585083
1.1152725219726562
0.6214725971221924
0.7197322249412537
1.3557480573654175
-1.2915781736373901
0.0
0.0
0.0
0.0
0.0
0.0
0.0
0.0
-0.5551267862319946
0.6469805836677551
-0.9614611864089966
0.07174850255250931
-0.5623395442962646
0.8362134695053101
-0.9418909549713135
-0.03464432805776596
-0.4779353141784668
0.3910175561904907
-1.415115475654602
0.7606291174888611
-0.4337984323501587
0.7321087718009949
-0.3160251975059509
-0.8252989649772644
-0.40008941292762756
0.2056456357240677
-1.5042729377746582
0.8455196619033813
-0.40765324234962463
0.7262024879455566
0.19766132533550262
-1.3329576253890991
0.0
0.0
0.0
0.0
0.0
0.0
0.0
0.0
-0.0681983083486557
0.29460033774375916
-0.0007565021514892578
0.2345525473356247
-0.04872738569974899
0.4425447881221771
-0.06668064743280411
0.17131724953651428
-0.053526125848293304
0.20510120689868927
-0.43941324949264526
0.6555976271629333
-0.011688431724905968
0.31954896450042725
0.46796533465385437
-0.4188949167728424
-0.02654360421001911
0.15503227710723877
-0.5180948972702026
0.6609565019607544
-0.035084858536720276
0.32955747842788696
0.5724126696586609
-0.6740365624427795
0.0
0.0
0.0
0.0
0.0
0.0
0.0
0.0
0.8973022103309631
0.2585468590259552
-1.1955642700195312
0.09798488020896912
0.8680190443992615
0.3493604362010956
-1.2300465106964111
0.12262386083602905
0.8751436471939087
0.49324503540992737
-1.3612580299377441
0.3370148837566376
0.7962518334388733
0.251179963350296
-0.7841458916664124
-0.3524337112903595
0.7559635639190674
0.6612333655357361
-1.3679486513137817
0.40296095609664917
0.7479857206344604
0.261938214302063
-0.5671771764755249
-0.6308428049087524
0.0
0.0
0.0
0.0
0.0
0.0
0.0
0.0
1.13958740234375
1.2914263010025024
-0.3849632143974304
-0.7785011529922485
1.5769425630569458
0.9349181652069092
-0.2944565415382385
-0.9949616193771362
1.8457930088043213
1.332944631576538
-0.6148031949996948
0.0876409038901329
0.08953852951526642
0.8153806328773499
0.09870994836091995
-1.4471994638442993
1.7579572200775146
1.3165292739868164
-0.9151952266693115
0.5113795399665833
-0.04542127996683121
0.5979020595550537
0.5603361129760742
-1.68931245803833
0.0
0.0
0.0
0.0
0.0
0.0
0.0
0.0
1.7919517755508423
1.336591362953186
0.26861846446990967
-1.1619148254394531
1.9386523962020874
1.09157133102417
0.400043785572052
-1.7796460390090942
2.1034345626831055
1.3839417695999146
-0.20897245407104492
0.12078911066055298
0.94759601354599
0.9590746760368347
-0.3199954628944397
-1.8156187534332275
1.9185224771499634
1.500247597694397
-0.7897104620933533
0.9307795166969299
0.4174615740776062
0.728472888469696
-0.33836254477500916
-2.118988513946533
0.0
0.0
0.0
0.0
0.0
0.0
0.0
0.0
0.6178500056266785
1.0311524868011475
1.1412999629974365
-1.1922527551651
0.9814887046813965
0.9675809144973755
0.9432328343391418
-1.875150203704834
1.2859303951263428
1.5263733863830566
0.5278225541114807
0.18474259972572327
-0.01630358397960663
0.6736162304878235
1.1226041316986084
-1.9480924606323242
1.274655818939209
1.7477898597717285
-0.15452760457992554
1.0480010509490967
-0.13527511060237885
0.4562491476535797
1.057772159576416
-2.082315683364868
0.0
0.0
0.0
0.0
0.0
0.0
0.0
0.0
-0.9807410836219788
1.2499966621398926
2.1060495376586914
-0.7518682479858398
-0.49248623847961426
1.1080584526062012
1.5752018690109253
-1.4896398782730103
-0.7827218770980835
1.645133376121521
1.0829185247421265
0.6609677076339722
-0.8872514367103577
0.8386871814727783
1.32594633102417
-1.622489094734192
-0.5602970123291016
1.8376226425170898
0.17038658261299133
1.5846511125564575
-0.7000840902328491
0.6287299394607544
0.9710630774497986
-1.970157504081726
0.0
0.0
0.0
0.0
0.0
0.0
0.0
0.0
0.04389765486121178
1.1574569940567017
1.1905947923660278
-0.30305391550064087
-1.3030664920806885
1.1282137632369995
1.4367610216140747
-0.9038495421409607
-1.5655920505523682
1.6611557006835938
1.0917965173721313
0.9841410517692566
1.5613154172897339
0.729241669178009
1.4245352745056152
-1.313071370124817
-1.7208478450775146
1.641244649887085
0.5912652611732483
1.6054935455322266
1.6044291257858276
0.509982705116272
1.5682238340377808
-1.6228811740875244
0.0
0.0
0.0
0.0
0.0
0.0
0.0
0.0
-0.8268693685531616
1.0250004529953003
-0.05108676105737686
0.05001994967460632
-0.786179780960083
0.9403236508369446
-0.4630308151245117
-0.4763786792755127
-0.7443453669548035
1.142059326171875
-0.965046763420105
1.0359867811203003
-1.053062081336975
0.7492879629135132
1.204640507698059
-1.1177501678466797
-0.6686251163482666
1.0457971096038818
-1.1182588338851929
1.3496878147125244
-1.1001834869384766
0.6215304732322693
1.574113130569458
-1.531449794769287
0.0
0.0
0.0
0.0
0.0
0.0
0.0
0.0
0.5934690833091736
1.8756505250930786
-0.26906076073646545
0.39269840717315674
0.09400967508554459
1.798366904258728
-0.7108014822006226
0.1472523808479309
-0.05838487669825554
1.4197461605072021
-1.5489856004714966
1.142809510231018
1.2498661279678345
1.4935877323150635
0.9983116984367371
-0.8897442817687988
-0.2854926586151123
0.6881994009017944
-1.9093281030654907
1.176844835281372
1.6041547060012817
1.4063047170639038
1.5325112342834473
-1.5414386987686157
0.0
0.0
0.0
0.0
0.0
0.0
0.0
0.0
-0.9657361507415771
1.6929312944412231
-1.4917072057724
0.43743571639060974
-1.0356239080429077
1.3483184576034546
-1.566359281539917
0.25513702630996704
-0.9229713678359985
0.9598288536071777
-2.0151546001434326
0.8849614858627319
-0.9028758406639099
1.8022602796554565
-0.4301636219024658
-0.773055911064148
-0.7790948748588562
0.12952910363674164
-2.1290388107299805
0.7522329688072205
-0.9825988411903381
1.8592679500579834
0.41820111870765686
-1.557213306427002
0.0
0.0
0.0
0.0
0.0
0.0
0.0
0.0
-0.3917276859283447
0.13550986349582672
-0.027046307921409607
0.09065794944763184
-0.4185211658477783
0.24204662442207336
-0.07067316025495529
0.2281796634197235
-0.3710513710975647
0.2601775825023651
-0.5616376399993896
0.5783928632736206
-0.14927494525909424
0.19674070179462433
0.38247010111808777
-0.4007508456707001
-0.28058379888534546
0.08138593286275864
-0.7700079083442688
0.6031849980354309
-0.18634064495563507
0.31610405445098877
0.5843459367752075
-0.6490218043327332
0.0
0.0
0.0
0.0
0.0
0.0
0.0
0.0
1.6811516284942627
0.45594507455825806
-1.7418841123580933
-0.2810361683368683
1.5266225337982178
0.47593259811401367
-1.8406076431274414
-0.333283394575119
1.4544321298599243
0.1426580846309662
-2.1471521854400635
0.10592404007911682
1.409735918045044
0.5861217379570007
-1.0710556507110596
-0.8839513063430786
1.1899815797805786
0.01605929061770439
-2.188462257385254
0.2616077959537506
1.1837387084960938
0.6249227523803711
-0.7684953808784485
-1.1226664781570435
0.0
0.0
0.0
0.0
0.0
0.0
0.0
0.0
0.3892161548137665
0.6226580739021301
-1.0804301500320435
-0.8102847933769226
0.7365235090255737
0.5275089740753174
-1.2562687397003174
-1.097590446472168
0.8281325101852417
-0.07158762216567993
-1.8297756910324097
0.1648264229297638
-0.21605347096920013
0.6488714814186096
0.24552027881145477
-1.7615939378738403
0.8924269080162048
-0.42523133754730225
-1.9450178146362305
0.5528014898300171
-0.4750174283981323
0.6015686988830566
0.8859955072402954
-1.9657191038131714
0.0
0.0
0.0
0.0
0.0
0.0
0.0
0.0
0.8389101624488831
-1.1075860261917114
-0.4212537109851837
-0.9665365219116211
1.3065239191055298
-0.9130324721336365
-0.04141766205430031
-1.4907234907150269
1.2203364372253418
-1.273474097251892
-0.8093305826187134
0.555518388748169
0.47346749901771545
-0.7199425101280212
-0.5587877035140991
-2.0678484439849854
1.182821273803711
-1.3551863431930542
-1.1058818101882935
1.2903573513031006
0.18617913126945496
-0.44943469762802124
-0.33600345253944397
-2.5083749294281006
0.0
0.0
0.0
0.0
0.0
0.0
0.0
0.0
0.4754844903945923
-1.641919493675232
0.6212957501411438
-1.1904408931732178
1.08302640914917
-1.2672569751739502
0.47746962308883667
-1.696743369102478
0.9387895464897156
-1.9851291179656982
-0.08979351818561554
0.6158320307731628
0.08925877511501312
-0.7860783934593201
1.1936451196670532
-2.123703956604004
0.829007089138031
-2.251410722732544
-0.5317107439041138
1.5264981985092163
0.25194281339645386
-0.2967335283756256
1.1834728717803955
-2.240318536758423
0.0
0.0
0.0
0.0
0.0
0.0
0.0
0.0
-0.3585551679134369
0.11338718980550766
0.351839542388916
-0.8534926772117615
-0.2899084687232971
-0.27799034118652344
0.5880812406539917
-1.1097359657287598
-0.43016135692596436
-1.1640129089355469
-0.11149530112743378
0.7154885530471802
-0.12643396854400635
1.225934386253357
0.40139657258987427
-2.1865923404693604
-0.3703884482383728
-2.2740023136138916
-0.5319565534591675
1.5250108242034912
-0.12069855630397797
1.5762765407562256
0.5794252753257751
-2.8350210189819336
0.0
0.0
0.0
0.0
0.0
0.0
0.0
0.0
0.12987321615219116
-0.9383517503738403
0.9090312719345093
-0.15101447701454163
-0.6355225443840027
-0.7006117701530457
0.6598846912384033
-0.6281386017799377
-0.6583591103553772
-1.4453727006912231
-0.02664175257086754
1.3547523021697998
0.8775255084037781
-0.2850518822669983
1.5999068021774292
-1.238905429840088
-0.6526616811752319
-1.6702169179916382
-0.5588825345039368
1.8203662633895874
0.8197215795516968
0.056585732847452164
1.6703791618347168
-1.6541862487792969
0.0
0.0
0.0
0.0
0.0
0.0
0.0
0.0
-0.9226398468017578
-0.8146265745162964
-0.13806463778018951
0.44737961888313293
-0.8274400234222412
-0.5747120380401611
-0.5375919342041016
-0.12607726454734802
-0.6514914631843567
-1.1780471801757812
-1.0636688470840454
1.8490052223205566
-0.9649803638458252
-0.5200220942497253
1.0812358856201172
-1.0566378831863403
-0.433300644159317
-1.0729120969772339
-1.1052525043487549
2.0948731899261475
-0.7633219361305237
-0.2815057635307312
1.4420783519744873
-1.6936230659484863
0.0
0.0
0.0
0.0
0.0
0.0
0.0
0.0
1.4250408411026
0.8524422645568848
-0.7708191275596619
1.4674429893493652
1.1325570344924927
0.8987947106361389
-1.7259538173675537
0.6872972846031189
0.5139245390892029
0.46648022532463074
-1.661245346069336
2.2897937297821045
2.2867062091827393
0.7898766994476318
1.292567253112793
-0.1527208834886551
0.12275762110948563
-0.09808052331209183
-1.5479986667633057
1.930110216140747
2.7796566486358643
0.7562938332557678
2.1418285369873047
-1.0002923011779785
0.0
0.0
0.0
0.0
0.0
0.0
0.0
0.0
-1.2522454261779785
1.0180330276489258
-1.570095419883728
1.5110750198364258
-1.311309576034546
0.9051294922828674
-2.157644271850586
0.7469350099563599
-1.0217831134796143
0.3417307436466217
-1.891771912574768
1.812567114830017
-1.467267394065857
0.9803490042686462
-0.06632854044437408
0.04485015943646431
-0.7553788423538208
-0.07577373832464218
-1.6465123891830444
1.399444580078125
-1.6168160438537598
0.9192646145820618
0.93723464012146
-0.8952211737632751
0.0
0.0
0.0
0.0
0.0
0.0
0.0
0.0
-0.8416584730148315
0.30847275257110596
-0.2823370397090912
0.833132803440094
-1.0769834518432617
0.3862844705581665
-0.4684116542339325
0.6619508266448975
-0.5054202079772949
0.17332454025745392
-0.6641951203346252
1.1327778100967407
-0.8561697006225586
0.2668379843235016
0.5632902979850769
0.02103486657142639
-0.3158012330532074
0.06650922447443008
-0.6309311985969543
1.0003608465194702
-0.7324000597000122
0.24075376987457275
0.862537682056427
-0.4093724191188812
0.0
0.0
0.0
0.0
0.0
0.0
0.0
0.0
1.9896156787872314
0.8679574131965637
-2.1523566246032715
0.24866104125976562
1.8511539697647095
0.7121936678886414
-2.4154298305511475
-0.1890942007303238
1.6009727716445923
0.7516985535621643
-2.4508750438690186
0.7631123661994934
1.95188307762146
0.7161757349967957
-1.2803417444229126
-0.793371856212616
1.273447871208191
0.5335927605628967
-2.371966600418091
0.6996278166770935
1.8096345663070679
0.604308545589447
-0.7669258117675781
-1.280499815940857
0.0
0.0
0.0
0.0
0.0
0.0
0.0
0.0
-0.5894208550453186
1.331739902496338
-1.315383791923523
0.31568530201911926
-0.24173781275749207
1.043696403503418
-1.9549070596694946
-0.24226757884025574
-0.103273406624794
1.0222657918930054
-2.081517457962036
0.9732441902160645
-0.936120331287384
0.9666950702667236
0.37839275598526
-0.9791292548179626
0.09229960292577744
0.5160236358642578
-2.0444982051849365
0.8515652418136597
-1.1426743268966675
0.7169421911239624
1.21820867061615
-1.472233533859253
0.0
0.0
0.0
0.0
0.0
0.0
0.0
0.0
-0.4905328154563904
-0.34274905920028687
-0.3133116066455841
0.34812045097351074
-0.25226131081581116
-0.19134162366390228
-0.3598816394805908
0.04461051896214485
-0.3331699073314667
0.06528806686401367
-0.9839648604393005
1.0933481454849243
-0.43988466262817383
-1.0453808307647705
-0.15447427332401276
-0.9401872158050537
-0.13642333447933197
0.11883287131786346
-1.3855164051055908
1.21405827999115
-0.15319690108299255
-1.0969905853271484
0.09319056570529938
-1.787473201751709
0.0
0.0
0.0
0.0
0.0
0.0
0.0
0.0
2.2212278842926025
0.3973008692264557
-0.9771997928619385
0.7875025868415833
1.8922502994537354
0.21899130940437317
-1.6215072870254517
0.18887005746364594
1.3244014978408813
0.3697071075439453
-1.7265558242797852
1.6954981088638306
2.3795228004455566
0.2578362226486206
0.9907037019729614
-0.6662563681602478
0.8918307423591614
0.15064172446727753
-1.6686233282089233
1.6806622743606567
2.1006205081939697
0.17135001718997955
1.5628337860107422
-1.365480899810791
0.0
0.0
0.0
0.0
0.0
0.0
0.0
0.0
0.16866633296012878
0.7212809324264526
-1.4843765497207642
0.8416877388954163
0.13285312056541443
0.5128247737884521
-1.8515945672988892
0.1292961984872818
0.024511411786079407
0.6165226697921753
-1.6373310089111328
1.924742341041565
0.16551125049591064
0.4274851977825165
0.17352242767810822
-0.9254515171051025
-0.00017138570547103882
0.11383753269910812
-1.346511721611023
1.7186838388442993
0.07786983996629715
0.28733792901039124
1.143446683883667
-1.8124775886535645
0.0
0.0
0.0
0.0
0.0
0.0
0.0
0.0
-1.6322449445724487
-0.17731033265590668
-0.6257001757621765
0.6994648575782776
-1.4995019435882568
-0.2211204469203949
-1.3615961074829102
0.09284358471632004
-0.9734324216842651
-0.5931822657585144
-1.6113076210021973
1.7681100368499756
-1.8712003231048584
-0.05255334824323654
1.1883718967437744
-0.7874101400375366
-0.5145517587661743
-0.6209343075752258
-1.5415147542953491
1.8022931814193726
-1.6428269147872925
-0.017925791442394257
1.801975965499878
-1.4429538249969482
0.0
0.0
0.0
0.0
0.0
0.0
0.0
0.0
-0.11622922122478485
-1.7846035957336426
-0.39830562472343445
0.7405885457992554
-0.17999543249607086
-1.4671168327331543
-0.5992398262023926
0.3506552278995514
-0.06835015118122101
-1.3181132078170776
-1.204102873802185
1.3703416585922241
-0.27200260758399963
-1.4993813037872314
0.6830984950065613
-0.7303618788719177
-0.022732585668563843
-0.9843944907188416
-1.290748953819275
1.519810676574707
-0.44662225246429443
-1.2754356861114502
1.1419824361801147
-1.4039181470870972
0.0
0.0
0.0
0.0
0.0
0.0
0.0
0.0
1.226580262184143
-1.5837846994400024
-0.7281009554862976
1.5298031568527222
1.103753924369812
-1.3439909219741821
-1.5968254804611206
0.9374212026596069
0.3808693289756775
-1.4412376880645752
-1.449288249015808
1.9611061811447144
2.090488910675049
-1.0734927654266357
0.9744709134101868
0.07655908167362213
0.012839160859584808
-0.8142071962356567
-1.4619563817977905
1.577210545539856
2.6071722507476807
-0.8407591581344604
1.956347942352295
-0.7813065648078918
0.0
0.0
0.0
0.0
0.0
0.0
0.0
0.0
-1.3027801513671875
-1.425400733947754
-1.4187378883361816
1.6810029745101929
-1.3191190958023071
-1.080019235610962
-2.10050892829895
0.9965491890907288
-1.1003512144088745
-1.0681606531143188
-1.6940665245056152
1.6614609956741333
-1.4535099267959595
-0.9059457778930664
-0.05768665671348572
0.2638022303581238
-0.9062904715538025
-0.45854076743125916
-1.6064471006393433
1.1581708192825317
-1.5874505043029785
-0.6825671195983887
0.9958666563034058
-0.7538020014762878
0.0
0.0
0.0
0.0
0.0
0.0
0.0
0.0
-0.8091710209846497
-0.6665509343147278
-0.2594030499458313
1.1300616264343262
-0.8976577520370483
-0.5274494886398315
-0.5573435425758362
0.8957663774490356
-0.4473966956138611
-0.5195817947387695
-0.4823358356952667
1.1252577304840088
-0.8358337879180908
-0.3495256304740906
0.3810461461544037
0.3718181550502777
-0.26052409410476685
-0.14027981460094452
-0.4810216426849365
0.9140321016311646
-0.7774708867073059
-0.24129414558410645
0.732211709022522
-0.1455601453781128
0.0
0.0
0.0
0.0
0.0
0.0
0.0
0.0
2.1620371341705322
-0.47523605823516846
-2.398074150085449
0.27207380533218384
1.9613723754882812
-0.3576326072216034
-2.634493112564087
-0.064273402094841
1.6420156955718994
-0.33675438165664673
-2.741466522216797
0.788919985294342
2.234905481338501
-0.2939193844795227
-1.2570313215255737
-0.729880154132843
1.2845150232315063
-0.12223020941019058
-2.5713555812835693
0.8455826640129089
2.0722568035125732
-0.17697304487228394
-0.6330398917198181
-1.157752513885498
0.0
0.0
0.0
0.0
0.0
0.0
0.0
0.0
-0.7669622898101807
-0.8634650111198425
-1.6727032661437988
0.4224544167518616
-0.4751202464103699
-0.6177550554275513
-2.1140966415405273
0.05283605679869652
-0.24609623849391937
-0.652877688407898
-2.4118125438690186
1.0746039152145386
-1.1210291385650635
-0.5912866592407227
0.2828805446624756
-0.9169679880142212
-0.017958860844373703
-0.3131530284881592
-2.258728265762329
1.010573387145996
-1.3937174081802368
-0.4229123294353485
1.3139008283615112
-1.4175450801849365
0.0
0.0
0.0
0.0
0.0
0.0
0.0
0.0
-0.6021940112113953
-0.440298855304718
0.13107645511627197
0.26456451416015625
-0.21329280734062195
-0.3547561466693878
-0.26602667570114136
0.11690995842218399
-0.2038210779428482
0.009917832911014557
-0.767619252204895
0.8705720901489258
-0.9265760779380798
-0.5662181973457336
0.8337357640266418
-0.6545417308807373
0.047011733055114746
0.216803640127182
-1.1197372674942017
1.1047221422195435
-0.4358581304550171
-0.5703969597816467
0.855892539024353
-1.128350019454956
0.0
0.0
0.0
0.0
0.0
0.0
0.0
0.0
2.219954252243042
-0.9727064371109009
-0.544313371181488
0.7750073075294495
1.8792937994003296
-0.9958186149597168
-1.2682007551193237
0.1755950152873993
1.272997498512268
-0.04235292971134186
-1.129683256149292
1.2547003030776978
2.56565260887146
-0.8791441917419434
1.0475354194641113
-0.5378434658050537
0.8664709329605103
0.736613929271698
-1.273200511932373
1.3802201747894287
2.3114705085754395
-0.7073001861572266
1.627332091331482
-1.2210274934768677
0.0
0.0
0.0
0.0
0.0
0.0
0.0
0.0
0.06468771398067474
-1.559994101524353
-1.0021125078201294
0.8536392450332642
0.07291910797357559
-1.1142710447311401
-1.5256811380386353
0.0869000256061554
-0.05361705273389816
-0.3012785315513611
-1.1518901586532593
1.344624400138855
0.10989347100257874
-1.4947642087936401
0.2757168710231781
-0.9003185629844666
-0.06444229185581207
0.7056556344032288
-1.118023157119751
1.2370730638504028
0.13121166825294495
-1.2849432229995728
1.121198296546936
-1.8463250398635864
0.0
0.0
0.0
0.0
0.0
0.0
0.0
0.0
-1.8097469806671143
-1.4533621072769165
-0.7399802207946777
0.8242075443267822
-1.6282036304473877
-1.2903692722320557
-1.3281625509262085
0.46308964490890503
-1.1251213550567627
-0.34441113471984863
-1.1207066774368286
1.1882872581481934
-2.207810878753662
-1.0875356197357178
0.964667797088623
-0.4765925705432892
-0.7275029420852661
0.5364915728569031
-1.1198556423187256
1.2356343269348145
-2.163389205932617
-0.8219037652015686
1.7449383735656738
-1.171684741973877
0.0
0.0
0.0
0.0
0.0
0.0
0.0
0.0
0.2915096879005432
-0.3720850348472595
0.1326632797718048
0.4640171229839325
0.11813322454690933
-0.026053473353385925
0.2136904001235962
0.7060256600379944
0.03932129591703415
0.026744581758975983
-0.36435791850090027
0.6332322955131531
0.12374450266361237
-0.9078848958015442
0.7033299207687378
-0.2234847992658615
-0.09907788783311844
0.41410526633262634
-0.6336358785629272
0.9435502886772156
0.05022454634308815
-0.7501288652420044
1.082231879234314
-0.7376201152801514
0.0
0.0
0.0
0.0
0.0
0.0
0.0
0.0
0.7058767676353455
-2.598428964614868
-0.4694572985172272
1.3041279315948486
0.4017946422100067
-2.1921932697296143
-0.9524722099304199
1.2885994911193848
0.15135274827480316
-0.3446878492832184
-1.0996206998825073
0.9460577964782715
1.2283928394317627
-2.082672595977783
0.7848522067070007
0.14189216494560242
-0.059853553771972656
0.24133147299289703
-1.33292555809021
0.9735646843910217
1.656331181526184
-1.589856505393982
1.4332524538040161
-0.49961090087890625
0.0
0.0
0.0
0.0
0.0
0.0
0.0
0.0
-0.9532563090324402
-2.4177918434143066
-1.5055139064788818
1.3884645700454712
-1.0939098596572876
-2.30548357963562
-1.7605267763137817
1.2538756132125854
-0.8650869131088257
-0.13992485404014587
-1.7132211923599243
0.7228546142578125
-0.888099730014801
-2.35223126411438
-0.4443110227584839
0.570555567741394
-0.7505421042442322
0.19454744458198547
-1.7638980150222778
0.7571960687637329
-0.9428480267524719
-1.9198328256607056
0.47872394323349
-0.25470519065856934
0.0
0.0
0.0
0.0
0.0
0.0
0.0
0.0
-0.49349403381347656
-0.9326435327529907
0.011956434696912766
0.7768487930297852
-0.545802891254425
-1.0846428871154785
-0.13948772847652435
0.8450085520744324
-0.39210939407348633
-0.1120496392250061
-0.38493630290031433
0.5510521531105042
-0.14258825778961182
-0.8282579183578491
-0.020632611587643623
0.3715992569923401
-0.28807610273361206
0.014088884927332401
-0.5211279392242432
0.6051279306411743
-0.17851874232292175
-0.6513897180557251
0.1962018758058548
0.0003556683659553528
0.0
0.0
0.0
0.0
0.0
0.0
0.0
0.0
1.5332330465316772
-0.4369349777698517
-2.0420734882354736
0.5047152042388916
1.4734209775924683
-0.48063889145851135
-2.103255271911621
0.33950358629226685
1.1023049354553223
-0.10833263397216797
-2.1048126220703125
0.6046463847160339
1.7414608001708984
-0.6127573251724243
-1.4343252182006836
-0.23418772220611572
0.8742901682853699
0.028426233679056168
-2.0022501945495605
0.526955246925354
1.7514228820800781
-0.45902687311172485
-0.8112480640411377
-0.8125439882278442
0.0
0.0
0.0
0.0
0.0
0.0
0.0
0.0
-0.519632875919342
-1.3160583972930908
-1.1861014366149902
1.4881750345230103
-0.1990700364112854
-1.1499077081680298
-1.5855183601379395
1.183396816253662
-0.05644939839839935
-0.322804719209671
-1.7362923622131348
0.8895294666290283
-0.9626345038414001
-0.9924904704093933
0.4238068759441376
0.18685294687747955
0.1380968987941742
-0.08059942722320557
-1.6796270608901978
0.5815461874008179
-1.3935353755950928
-0.7828629612922668
1.4006719589233398
-0.6154768466949463
0.0
0.0
0.0
0.0
0.0
0.0
0.0
0.0
-0.17741090059280396
-0.06996020674705505
0.6173442602157593
0.297006219625473
0.09353350102901459
0.22477778792381287
0.7958029508590698
0.41666266322135925
0.30566078424453735
0.010109640657901764
-0.048262447118759155
0.8453261256217957
-0.6118944883346558
-0.1488519012928009
1.0538742542266846
-0.41571441292762756
0.4703417420387268
-0.17686551809310913
-0.4973711371421814
1.005642294883728
-0.4757422208786011
-0.1391316056251526
1.159404993057251
-0.8623915910720825
0.0
0.0
0.0
0.0
0.0
0.0
0.0
0.0
1.4539153575897217
-0.9997313022613525
0.836723268032074
-0.3819538354873657
1.226629376411438
-0.48161551356315613
0.9265362620353699
-0.21438100934028625
0.9950061440467834
-0.5957162976264954
-0.057791002094745636
0.5106672644615173
1.3053703308105469
-1.507775068283081
0.9680227041244507
-0.5992465019226074
0.8207629919052124
-0.814149022102356
-0.6745544672012329
1.1862176656723022
1.0412051677703857
-1.281369686126709
1.149235486984253
-0.954832911491394
0.0
0.0
0.0
0.0
0.0
0.0
0.0
0.0
-0.20972459018230438
-1.6464895009994507
0.31956714391708374
-0.29938510060310364
-0.040892504155635834
-0.9682657718658447
0.28828442096710205
-0.27472344040870667
-0.1279960721731186
-0.8429953455924988
-0.38457226753234863
0.43186137080192566
-0.10050724446773529
-2.3452115058898926
0.6145122051239014
-0.6131319999694824
0.008846636861562729
-1.123053789138794
-0.7910230755805969
0.9930352568626404
0.04232349246740341
-2.0309901237487793
0.9912495613098145
-1.0921918153762817
0.0
0.0
0.0
0.0
0.0
0.0
0.0
0.0
-0.5196585059165955
-0.15454605221748352
0.6643380522727966
0.36931097507476807
0.12259244918823242
0.29495877027511597
0.9909836649894714
0.5191699266433716
-0.29581418633461
-0.07105457782745361
0.05256815254688263
0.8881247639656067
-0.7555522322654724
-0.7055607438087463
0.7500962018966675
-0.03602324426174164
-0.14078550040721893
-0.47766757011413574
-0.37338200211524963
1.2049070596694946
-0.9242286086082458
-0.6235315203666687
1.2849723100662231
-0.5240966081619263
0.0
0.0
0.0
0.0
0.0
0.0
0.0
0.0
0.7318344116210938
1.3679172992706299
1.416520118713379
1.1953439712524414
0.7366090416908264
1.5307934284210205
1.5735586881637573
1.1087857484817505
0.2571069598197937
1.5824592113494873
0.3103918731212616
2.162585973739624
0.7316233515739441
0.411944717168808
1.8941313028335571
0.0158131904900074
0.0663980096578598
0.7800869941711426
-0.4542856216430664
2.098989486694336
0.1381206065416336
0.1782870590686798
1.9041486978530884
-0.6804218292236328
0.0
0.0
0.0
0.0
0.0
0.0
0.0
0.0
-0.4400608241558075
1.223783016204834
0.9686740040779114
1.1430236101150513
-1.2510262727737427
1.0670275688171387
0.9809019565582275
1.1843125820159912
-0.6801132559776306
1.6178269386291504
-0.22618527710437775
1.959458827972412
0.37242579460144043
-0.19089709222316742
1.5251535177230835
0.5475385189056396
-0.6950010657310486
0.6299411654472351
-0.9914324283599854
1.7037205696105957
0.8661803007125854
-0.24139010906219482
1.8021135330200195
-0.17823277413845062
0.0
0.0
0.0
0.0
0.0
0.0
0.0
0.0
-0.9403017163276672
0.13339219987392426
-1.2083221673965454
0.9438899755477905
-1.19893217086792
-0.008143134415149689
-1.3079533576965332
0.6616620421409607
-0.8956443071365356
-0.04278600215911865
-1.6201820373535156
0.8570231199264526
-0.794435977935791
-0.8439058661460876
-0.46055784821510315
0.4618432819843292
-0.7635018229484558
-0.3879823088645935
-1.7420405149459839
0.6959850192070007
-0.7618175148963928
-0.9561220407485962
0.3311662971973419
-0.30437543988227844
0.0
0.0
0.0
0.0
0.0
0.0
0.0
0.0
-0.1926947683095932
-0.22054997086524963
0.000863892026245594
0.448419988155365
-0.30960601568222046
-0.5717702507972717
-0.045081205666065216
0.6939935684204102
-0.19905179738998413
-0.056995779275894165
-0.3809932470321655
0.4894893169403076
0.012729260139167309
-0.8193871974945068
0.020057128742337227
0.5075740218162537
-0.13596749305725098
-0.18154239654541016
-0.503740131855011
0.5169025659561157
0.013311290182173252
-0.7899382710456848
0.1653878092765808
0.3010038137435913
0.0
0.0
0.0
0.0
0.0
0.0
0.0
0.0
1.4904730319976807
0.011493279598653316
-1.921834111213684
0.2601003348827362
1.379415512084961
-0.2565142810344696
-1.851609706878662
0.04793171212077141
1.1872169971466064
0.3374355733394623
-2.080526828765869
0.8349448442459106
1.3923550844192505
-0.3054475486278534
-1.229418396949768
-0.7080826759338379
0.9847809076309204
0.5585380792617798
-2.020371198654175
0.9251257181167603
1.1807754039764404
-0.35847997665405273
-0.7636123299598694
-1.2085469961166382
0.0
0.0
0.0
0.0
0.0
0.0
0.0
0.0
-0.32267579436302185
0.2809677720069885
-0.8322417140007019
0.30644524097442627
0.1763765662908554
-0.2048509120941162
-0.9553658366203308
0.10225582867860794
0.025282759219408035
0.7413583397865295
-1.7677404880523682
1.1109950542449951
-0.7524853348731995
-0.35199055075645447
0.5911357998847961
-0.6638191938400269
0.22229456901550293
0.9435896277427673
-1.8287193775177002
1.2765249013900757
-1.1200319528579712
-0.4702855348587036
1.2638624906539917
-1.1647688150405884
0.0
0.0
0.0
0.0
0.0
0.0
0.0
0.0
0.22041279077529907
0.03114849328994751
1.4361929893493652
0.35939347743988037
0.8051953315734863
-0.20984040200710297
1.5930466651916504
0.1634455770254135
0.2757415473461151
0.6111074090003967
0.3083428144454956
1.420568823814392
-0.5501499176025391
-0.34129104018211365
1.4992626905441284
-0.6466357707977295
0.29844072461128235
0.9307485818862915
-0.3406069576740265
1.8184853792190552
-0.5779455304145813
-0.4689730405807495
1.3581873178482056
-1.0839006900787354
0.0
0.0
0.0
0.0
0.0
0.0
0.0
0.0
0.4390295743942261
-0.24038346111774445
2.0316734313964844
0.5177727937698364
0.4257780611515045
-0.3489006757736206
2.4867706298828125
0.25890153646469116
0.04903002828359604
0.18884582817554474
1.1222542524337769
1.5347158908843994
0.7136233448982239
-0.6248631477355957
1.2712355852127075
-0.4700985848903656
-0.0025926902890205383
0.546450138092041
0.42594605684280396
2.0744760036468506
0.4315115809440613
-0.7282615303993225
0.9729602932929993
-0.9470123052597046
0.0
0.0
0.0
0.0
0.0
0.0
0.0
0.0
-0.43902891874313354
-0.5429257154464722
1.1342737674713135
0.5877426266670227
-0.5649978518486023
-0.7290992140769958
1.7745016813278198
0.2697155475616455
-0.5299166440963745
-0.23254749178886414
0.6801778674125671
1.5363497734069824
-0.20078511536121368
-0.890959620475769
1.2813678979873657
-0.3057452142238617
-0.36217620968818665
0.28426554799079895
0.373554527759552
1.8034374713897705
-0.13013653457164764
-0.970384955406189
1.3809884786605835
-0.6999490857124329
0.0
0.0
0.0
0.0
0.0
0.0
0.0
0.0
1.785147786140442
-0.034626975655555725
1.4051927328109741
0.39159831404685974
1.9348905086517334
-0.5032840967178345
1.881096601486206
0.25518888235092163
1.1143428087234497
0.25734034180641174
0.2803385257720947
1.4675743579864502
0.6866334080696106
-0.2791116237640381
1.149586796760559
-0.9032154679298401
0.7544344663619995
0.7304478883743286
-0.2986797094345093
1.955964207649231
0.006596218794584274
-0.3924812972545624
1.023675799369812
-1.449499249458313
0.0
0.0
0.0
0.0
0.0
0.0
0.0
0.0
1.1789666414260864
0.25739455223083496
1.7498550415039062
0.5607775449752808
0.8711326122283936
-0.44371145963668823
1.2104495763778687
0.24688860774040222
0.6344234943389893
0.6684499979019165
0.018908098340034485
2.146376848220825
1.1805810928344727
-0.022664621472358704
2.849128007888794
-0.8680533170700073
0.421517014503479
1.1124978065490723
-0.8094037771224976
2.7258377075195312
0.012599021196365356
-0.30734533071517944
2.089061975479126
-1.4451537132263184
0.0
0.0
0.0
0.0
0.0
0.0
0.0
0.0
-1.563456654548645
-0.03528595715761185
1.9664918184280396
0.7103394269943237
-1.9917535781860352
-0.47083619236946106
1.5889533758163452
0.3427714705467224
-1.1586642265319824
0.6581298112869263
0.09998993575572968
1.9725271463394165
-0.3766990602016449
-0.4565514922142029
2.2794620990753174
-0.6243813633918762
-1.024481177330017
1.2035281658172607
-0.8451864719390869
2.3811628818511963
0.6329664587974548
-0.7101102471351624
1.8829467296600342
-1.1651602983474731
0.0
0.0
0.0
0.0
0.0
0.0
0.0
0.0
-1.9169634580612183
0.6435322165489197
-0.9154351949691772
0.04864637553691864
-2.130652904510498
0.15774321556091309
-0.8808470368385315
-0.2362067848443985
-1.6463451385498047
0.7318366169929504
-1.842223048210144
1.0936462879180908
-1.3661324977874756
-0.911059558391571
-0.1392102688550949
-0.32251355051994324
-1.42673659324646
0.7640089392662048
-2.0054049491882324
1.3172073364257812
-1.1205503940582275
-1.4523611068725586
0.5570785403251648
-0.6855400204658508
0.0
0.0
0.0
0.0
0.0
0.0
0.0
0.0
-0.450243204832077
-0.004837106913328171
-0.08507290482521057
0.29905790090560913
-0.715408205986023
-0.13218489289283752
-0.003211507573723793
0.21792511641979218
-0.5668674111366272
0.22253063321113586
-0.45796284079551697
0.7279778122901917
-0.24026094377040863
-0.4526049494743347
0.2968766689300537
0.001858280971646309
-0.43185117840766907
0.335450679063797
-0.5303124189376831
0.8124794960021973
-0.2084011435508728
-0.7321764826774597
0.45170557498931885
-0.08167268335819244
0.0
0.0
0.0
0.0
0.0
0.0
0.0
0.0
1.503695011138916
-0.364102840423584
-1.4310591220855713
-1.0497403144836426
1.3630903959274292
-0.41069459915161133
-1.4644513130187988
-1.008740782737732
1.480478048324585
-0.23665636777877808
-2.1313230991363525
-0.38251596689224243
1.203215479850769
-0.4927053153514862
-0.7005016207695007
-1.6141856908798218
1.3385663032531738
-0.15421926975250244
-2.347062587738037
0.04846062511205673
0.8572890162467957
-0.437661737203598
-0.4595223367214203
-1.8346633911132812
0.0
0.0
0.0
0.0
0.0
0.0
0.0
0.0
-0.19485121965408325
-0.4239698648452759
-0.6869946718215942
-1.7490642070770264
0.07352207601070404
-0.6322438716888428
-0.9510721564292908
-1.7194801568984985
0.37117800116539
-0.29501867294311523
-1.6182142496109009
-0.7276312112808228
-0.4408529996871948
-0.5141898393630981
0.6005154252052307
-2.249817371368408
0.6329717636108398
-0.24389488995075226
-1.8156524896621704
-0.1149120107293129
-0.6504518389701843
-0.4703376293182373
1.0512887239456177
-2.2881228923797607
0.0
0.0
0.0
0.0
0.0
0.0
0.0
0.0
-0.7898107767105103
-0.6368668079376221
0.841962993144989
-1.4547638893127441
-0.4525296092033386
-0.8617545366287231
0.46339964866638184
-1.5199689865112305
-0.20280197262763977
-0.41436028480529785
-0.021199770271778107
-0.6996926665306091
-0.7830228805541992
-0.6199147701263428
0.9782083034515381
-1.535775899887085
0.11312747001647949
-0.4029673635959625
-0.5202590823173523
-0.00011593103408813477
-0.48699265718460083
-0.5224635004997253
0.9618319272994995
-1.5421497821807861
0.0
0.0
0.0
0.0
0.0
0.0
0.0
0.0
-0.7452661991119385
-0.8853976130485535
1.3518507480621338
-1.0298089981079102
-0.6524776816368103
-1.0995914936065674
1.409903645515442
-0.9996727705001831
-0.7246028184890747
-0.6808738708496094
1.1760344505310059
-0.4979403614997864
0.004897489212453365
-0.8189290165901184
0.5154436230659485
-1.005993127822876
-0.5412749648094177
-0.706039309501648
0.7521336078643799
0.13707000017166138
0.04927002266049385
-0.6827512979507446
0.5210399031639099
-1.0938706398010254
0.0
0.0
0.0
0.0
0.0
0.0
0.0
0.0
-0.08414646238088608
-1.1844377517700195
0.7831876277923584
-0.7710076570510864
-0.6873844861984253
-1.4695649147033691
1.2504634857177734
-0.7706080675125122
-0.586126446723938
-0.7871769666671753
1.1620995998382568
-0.3619440197944641
0.17073072493076324
-1.0683330297470093
0.5599018931388855
-0.9442795515060425
-0.5744271278381348
-0.7152807712554932
0.9237000346183777
0.22164753079414368
0.06619568169116974
-0.9215555191040039
0.6948212385177612
-1.0862388610839844
0.0
0.0
0.0
0.0
0.0
0.0
0.0
0.0
1.5539402961730957
-1.0454708337783813
0.2686083912849426
-1.1526929140090942
1.3672226667404175
-1.252427577972412
0.21094930171966553
-1.284034252166748
1.170910120010376
-0.8534979820251465
-0.4663046598434448
-0.2216627299785614
0.3981015086174011
-1.0970792770385742
0.5689694881439209
-1.6571630239486694
0.8174477219581604
-0.8505808115005493
-0.8488056063652039
0.49325278401374817
0.06606684625148773
-0.9688082933425903
0.7487249374389648
-1.7663753032684326
0.0
0.0
0.0
0.0
0.0
0.0
0.0
0.0
0.621512234210968
-1.184640645980835
0.9879721403121948
-1.1541078090667725
0.8190959692001343
-1.7097458839416504
0.7689364552497864
-1.1523356437683105
0.5233347415924072
-1.3757727146148682
-0.5876976251602173
0.28469353914260864
0.16512322425842285
-0.9940046072006226
1.563753366470337
-1.9511234760284424
0.4876137375831604
-1.4877691268920898
-1.3550390005111694
1.175500750541687
-0.3632209897041321
-0.8559003472328186
1.2485380172729492
-2.103193759918213
0.0
0.0
0.0
0.0
0.0
0.0
0.0
0.0
-1.033616542816162
-1.4212571382522583
1.1230212450027466
-0.9434618353843689
-1.3207545280456543
-1.7691984176635742
0.9290622472763062
-1.0548609495162964
-1.1097503900527954
-1.5945450067520142
-0.35333162546157837
0.34402766823768616
0.22696124017238617
-1.2627800703048706
1.1779136657714844
-1.7411456108093262
-1.0162774324417114
-1.445547342300415
-1.3095250129699707
1.0190653800964355
0.7524352669715881
-1.1410006284713745
0.9956108331680298
-1.9513776302337646
0.0
0.0
0.0
0.0
0.0
0.0
0.0
0.0
-1.2346789836883545
-1.2586134672164917
-1.0390514135360718
-0.8314687013626099
-1.18037748336792
-1.2687649726867676
-1.1323301792144775
-1.0337449312210083
-1.4159306287765503
-0.9500048756599426
-1.6969420909881592
-0.06577475368976593
-0.817491888999939
-1.278987169265747
-0.18681569397449493
-1.6789398193359375
-1.3464970588684082
-0.7727857232093811
-1.9551959037780762
0.3373137414455414
-0.6576463580131531
-1.1638076305389404
0.38382500410079956
-2.0794119834899902
0.0
0.0
0.0
0.0
0.0
0.0
0.0
0.0
-0.35316982865333557
-0.4383029639720917
-0.1401594579219818
-0.214901402592659
-0.46044108271598816
-0.5047065615653992
-0.07839154452085495
-0.20859111845493317
-0.5555470585823059
-0.48258262872695923
-0.45060765743255615
0.22193582355976105
-0.11587688326835632
-0.36073800921440125
0.2938709855079651
-0.6213998794555664
-0.48857513070106506
-0.47058069705963135
-0.543663501739502
0.4018453359603882
-0.06535215675830841
-0.31092286109924316
0.4365914463996887
-0.7720298767089844
0.0
0.0
0.0
0.0
0.0
0.0
0.0
0.0
0.8567942380905151
-0.12572942674160004
-0.8502398133277893
0.1155204325914383
0.8333052396774292
-0.03461304306983948
-0.9108402729034424
-0.025112802162766457
0.6523362994194031
-0.2756405472755432
-1.0739891529083252
0.4890017509460449
0.8602628111839294
-0.03094933182001114
-0.24674555659294128
-0.5270540714263916
0.5840392112731934
-0.2029682695865631
-1.0497691631317139
0.49668774008750916
0.704675018787384
0.012835416942834854
-0.009378934279084206
-0.7780583500862122
0.0
0.0
0.0
0.0
0.0
0.0
0.0
0.0
-0.15878471732139587
-0.5720124840736389
-0.40652281045913696
-0.13069364428520203
-0.02475101314485073
-0.30062419176101685
-0.5873459577560425
-0.29567500948905945
0.17704451084136963
-0.5690495371818542
-0.8377678990364075
0.4216543138027191
-0.2747882902622223
-0.39097604155540466
0.4582116901874542
-0.8354885578155518
0.3704594373703003
-0.38342761993408203
-0.7499837875366211
0.44079068303108215
-0.4071723222732544
-0.23304958641529083
0.8368142247200012
-1.0295000076293945
0.0
0.0
0.0
0.0
0.0
0.0
0.0
0.0
-0.5577771067619324
-0.31168070435523987
0.30295848846435547
-0.11714650690555573
-0.46620240807533264
-0.1396930068731308
0.1735745519399643
-0.18076305091381073
-0.24295291304588318
-0.5128527283668518
-0.20961672067642212
0.3131442666053772
-0.6542623043060303
-0.05755021795630455
0.7995162010192871
-0.47969406843185425
-0.0231422521173954
-0.4924013018608093
-0.325309157371521
0.4676816165447235
-0.5683958530426025
0.034822728484869
0.8766821026802063
-0.6162561178207397
0.0
0.0
0.0
0.0
0.0
0.0
0.0
0.0
-0.5388296246528625
-0.0544760636985302
0.5465406179428101
-0.05130685493350029
-0.7605639696121216
0.025179550051689148
0.8107556104660034
0.04736659675836563
-0.5955635905265808
-0.28273099660873413
0.3264865577220917
0.20209893584251404
-0.04804122447967529
0.07652164995670319
0.427584171295166
-0.2962968349456787
-0.40086573362350464
-0.32572221755981445
0.12590983510017395
0.3574768900871277
0.033281486481428146
0.07286117970943451
0.4481753706932068
-0.4453573524951935
0.0
0.0
0.0
0.0
0.0
0.0
0.0
0.0
-0.03056202456355095
-0.06533278524875641
0.126468226313591
0.10606981068849564
-0.19124415516853333
0.044399991631507874
0.462266743183136
0.21843372285366058
-0.2578461468219757
-0.14708620309829712
0.1275455206632614
0.26477158069610596
0.09544791281223297
-0.005695653147995472
0.38797587156295776
-0.19797606766223907
-0.22261567413806915
-0.12481296062469482
0.10798899829387665
0.3343791961669922
0.07217052578926086
-0.0248846635222435
0.4759611189365387
-0.35929954051971436
0.0
0.0
0.0
0.0
0.0
0.0
0.0
0.0
0.5105195641517639
-0.39169949293136597
0.16022440791130066
-0.102667897939682
0.5411982536315918
-0.2909128665924072
0.1928447186946869
-0.06223159283399582
0.3544056713581085
-0.42727142572402954
-0.24038106203079224
0.25757551193237305
0.3390967547893524
-0.27979689836502075
0.5584923624992371
-0.49590784311294556
0.2656075358390808
-0.31420451402664185
-0.33282843232154846
0.3535217046737671
0.25033649802207947
-0.21751677989959717
0.6324425339698792
-0.6165223717689514
0.0
0.0
0.0
0.0
0.0
0.0
0.0
0.0
0.09375216066837311
-0.9732362031936646
0.478108286857605
-0.41727524995803833
0.209554985165596
-0.9568585753440857
0.4431435465812683
-0.4255002737045288
0.11806124448776245
-1.015811800956726
-0.2693537473678589
0.3256612718105316
-0.04464787244796753
-0.6048284769058228
0.9046643972396851
-1.017861008644104
0.15005922317504883
-0.7555527091026306
-0.5010370016098022
0.5646725296974182
-0.15431317687034607
-0.4073387384414673
0.865481972694397
-1.0406655073165894
0.0
0.0
0.0
0.0
0.0
0.0
0.0
0.0
-0.30766281485557556
-0.6628196239471436
0.45123380422592163
-0.25416111946105957
-0.4948335289955139
-0.710029661655426
0.38920968770980835
-0.19043055176734924
-0.3437194228172302
-0.6840010285377502
-0.3591209053993225
0.27627646923065186
0.07119625806808472
-0.4487873315811157
0.7141093015670776
-0.7831318378448486
-0.28518927097320557
-0.5131789445877075
-0.6741541624069214
0.45721668004989624
0.3460996448993683
-0.3683374226093292
0.6419646739959717
-0.8768805861473083
0.0
0.0
0.0
0.0
0.0
0.0
0.0
0.0
-0.49645307660102844
-0.3297899067401886
-0.475884348154068
0.16786062717437744
-0.6227890253067017
-0.24696430563926697
-0.49194100499153137
0.22199954092502594
-0.5570405721664429
-0.2009834200143814
-0.8671205043792725
0.2993980348110199
-0.419854074716568
-0.31656429171562195
0.09862735867500305
-0.29978999495506287
-0.48340827226638794
-0.1034863293170929
-0.8845755457878113
0.31743085384368896
-0.36622190475463867
-0.3019134998321533
0.3958626985549927
-0.5725390911102295
0.0
0.0
0.0
0.0
0.0
0.0
0.0
0.0
-0.084719717502594
-0.10573923587799072
-0.08716415613889694
0.3433535099029541
-0.17076584696769714
-0.06747804582118988
-0.00781593844294548
0.41359975934028625
-0.11634720116853714
-0.09560766071081161
-0.3146783113479614
0.4330976605415344
-0.04391763359308243
-0.03217475488781929
0.2590213716030121
-0.04324917495250702
-0.08577049523591995
-0.01718849316239357
-0.34465497732162476
0.41098910570144653
-0.03597421199083328
-0.012773612514138222
0.3997184634208679
-0.22915585339069366
0.0
0.0
0.0
0.0
0.0
0.0
0.0
0.0
