0.5627877116203308
0.2618643343448639
0.05027660354971886
0.020266622304916382
0.6766782999038696
0.18785300850868225
0.0984620749950409
-0.04710855707526207
0.5732441544532776
0.3813835680484772
-0.18840190768241882
0.2649306058883667
0.33677661418914795
0.11577212065458298
0.18525631725788116
-0.33185747265815735
0.4356883764266968
0.3819887340068817
-0.31755632162094116
0.2952556610107422
0.32956987619400024
0.06554100662469864
0.298257976770401
-0.542373538017273
0.0
0.0
0.0
0.0
0.0
0.0
0.0
0.0
0.6245562434196472
0.8945845365524292
0.1988440752029419
-0.2374230921268463
0.5605040788650513
0.6500506401062012
0.058092232793569565
-0.37049800157546997
0.555904746055603
1.1415784358978271
-0.30908721685409546
0.45549315214157104
0.3669588565826416
0.5127678513526917
0.39594197273254395
-0.8191733360290527
0.43604403734207153
1.0258666276931763
-0.5740808248519897
0.5782921314239502
0.23604515194892883
0.36830297112464905
0.4931190609931946
-1.1723291873931885
0.0
0.0
0.0
0.0
0.0
0.0
0.0
0.0
-0.20644965767860413
1.3014872074127197
0.6238733530044556
-0.09307585656642914
-0.27109384536743164
1.1414330005645752
0.56181800365448
-0.24715876579284668
-0.26143938302993774
1.5754094123840332
0.099943608045578
0.657312273979187
0.06463601440191269
0.6940958499908447
0.6028207540512085
-0.7613668441772461
-0.2629922926425934
1.3064531087875366
-0.32108932733535767
0.7734246850013733
0.12067267298698425
0.49578237533569336
0.66524738073349
-1.181304693222046
0.0
0.0
0.0
0.0
0.0
0.0
0.0
0.0
-0.1911187469959259
0.7885104417800903
-0.23160278797149658
-0.20936857163906097
-0.33602917194366455
0.6851072907447815
-0.2311011254787445
-0.25941306352615356
-0.3091994822025299
0.6322675347328186
-0.6226527690887451
0.17067210376262665
-0.058659736067056656
0.6054474115371704
0.25559696555137634
-0.6817495226860046
-0.3356148600578308
0.3822805881500244
-0.7734173536300659
0.2625337243080139
0.004000358283519745
0.5197381973266602
0.4296634793281555
-0.9134786128997803
0.0
0.0
0.0
0.0
0.0
0.0
0.0
0.0
-0.04191025346517563
0.35247790813446045
-0.751311719417572
0.02972138486802578
0.032623060047626495
0.34776079654693604
-0.60443115234375
-0.040191374719142914
0.07014521956443787
0.22939762473106384
-0.6964297294616699
0.20338937640190125
-0.1604282259941101
0.43042102456092834
-0.4996415972709656
-0.45923513174057007
0.08890612423419952
0.16177582740783691
-0.6541204452514648
0.2561533451080322
-0.18924762308597565
0.4129103720188141
-0.2893076539039612
-0.7233818769454956
0.0
0.0
0.0
0.0
0.0
0.0
0.0
0.0
1.1824471950531006
0.1305028200149536
-0.5509124398231506
-0.652543306350708
1.3652549982070923
0.18608358502388
-0.4495082497596741
-0.6359109878540039
1.2914577722549438
0.030592789873480797
-0.9198392033576965
-0.24863383173942566
0.6628247499465942
0.21717523038387299
-0.315259724855423
-1.067518949508667
1.079218864440918
-0.03794770687818527
-1.0811594724655151
-0.05998736992478371
0.5439351797103882
0.247715026140213
-0.08504311740398407
-1.24886155128479
0.0
0.0
0.0
0.0
0.0
0.0
0.0
0.0
2.0760254859924316
-0.06991952657699585
0.5652650594711304
-2.322981357574463
1.9260971546173096
-0.046376824378967285
0.2863340973854065
-2.4439468383789062
1.859294056892395
-0.10309384018182755
-0.8426005840301514
-1.0455365180969238
0.9916465282440186
-0.24774865806102753
0.300901859998703
-2.6565780639648438
1.5617485046386719
-0.24832309782505035
-1.6294721364974976
-0.1835538148880005
0.5830531120300293
-0.1251000016927719
0.2217300683259964
-2.5845887660980225
0.0
0.0
0.0
0.0
0.0
0.0
0.0
0.0
-0.6506177186965942
0.45282894372940063
0.5810513496398926
-2.0226144790649414
-0.5285745859146118
0.45747601985931396
0.32778435945510864
-2.278024911880493
-0.6035161018371582
0.31182020902633667
-0.6679919958114624
-0.6969375610351562
-0.1456194519996643
0.35756728053092957
0.36147403717041016
-2.4525763988494873
-0.550721287727356
0.08460581302642822
-1.397159457206726
0.1413295865058899
0.08272792398929596
0.43308573961257935
0.1943269968032837
-2.471919536590576
0.0
0.0
0.0
0.0
0.0
0.0
0.0
0.0
-0.3207513689994812
1.2840923070907593
-1.2198569774627686
-0.6978771686553955
-0.7042641043663025
1.1567659378051758
-1.1928889751434326
-0.9856264591217041
-0.9856204986572266
1.180092215538025
-1.7641710042953491
0.4268277585506439
0.6866241693496704
1.1282211542129517
3.4924596548080444e-05
-1.8958451747894287
-0.9936245083808899
0.8138190507888794
-1.878189206123352
0.7507367134094238
1.0505785942077637
1.0189578533172607
0.599689781665802
-2.3211922645568848
0.0
0.0
0.0
0.0
0.0
0.0
0.0
0.0
-1.3138628005981445
1.1712920665740967
-2.2312800884246826
0.017313532531261444
-1.0288838148117065
1.0432428121566772
-1.9822157621383667
-0.30285319685935974
-0.667919397354126
1.0254275798797607
-2.0133018493652344
0.682462215423584
-1.4529449939727783
1.0953811407089233
-1.50642728805542
-1.132122278213501
-0.3175711929798126
0.6755459308624268
-1.6777812242507935
0.7554756999015808
-1.3348318338394165
0.9673571586608887
-0.9196611642837524
-1.7015290260314941
0.0
0.0
0.0
0.0
0.0
0.0
0.0
0.0
0.9118142127990723
0.207952082157135
-1.8724908828735352
-0.0030680112540721893
0.8296045064926147
0.24924762547016144
-1.898115634918213
-0.06702549755573273
0.7337576150894165
0.06764965504407883
-2.130638837814331
0.3839544951915741
0.8940786123275757
0.28726422786712646
-0.8425040245056152
-0.8321875333786011
0.5519384741783142
0.023546386510133743
-1.8881001472473145
0.39932602643966675
0.8593006134033203
0.296695739030838
-0.21468132734298706
-1.2373639345169067
0.0
0.0
0.0
0.0
0.0
0.0
0.0
0.0
1.3687677383422852
-0.20599523186683655
-0.26881521940231323
-0.5000371336936951
1.303171157836914
-0.09623010456562042
-0.3099218010902405
-0.629689633846283
0.9644221067428589
-0.2622622847557068
-1.0883922576904297
0.43166857957839966
1.255414366722107
-0.27222099900245667
0.6209717988967896
-1.3897578716278076
0.6988987922668457
-0.16901278495788574
-1.4554952383041382
0.749413013458252
1.0107002258300781
-0.16299870610237122
0.8855627775192261
-1.648179054260254
0.0
0.0
0.0
0.0
0.0
0.0
0.0
0.0
-0.8549854755401611
-0.5264382362365723
-1.6000816822052002
-0.7528222799301147
-0.6454647183418274
-0.34235233068466187
-1.2863349914550781
-0.9442710876464844
-0.37631386518478394
-0.5456938147544861
-1.661744236946106
0.4962410628795624
-0.7565755844116211
-0.28439098596572876
-0.628257155418396
-1.8571631908416748
-0.15810970962047577
-0.3507060408592224
-1.4613338708877563
0.8445998430252075
-0.670661985874176
-0.009704947471618652
0.0616581067442894
-2.225125312805176
0.0
0.0
0.0
0.0
0.0
0.0
0.0
0.0
0.9248350858688354
-0.44526243209838867
-1.1759073734283447
0.5217806100845337
0.541330099105835
-0.14996908605098724
-1.3136048316955566
0.2729794979095459
0.17445576190948486
-0.4458479881286621
-1.7770390510559082
0.933928370475769
1.1689976453781128
-0.5237599611282349
0.5001091361045837
-0.6669625043869019
-0.09517192840576172
-0.46210888028144836
-1.7519110441207886
0.8435072898864746
1.2985777854919434
-0.3178122043609619
1.353169560432434
-1.2609831094741821
0.0
0.0
0.0
0.0
0.0
0.0
0.0
0.0
-1.5317564010620117
-0.6947748064994812
-2.6053662300109863
0.5384924411773682
-1.1999338865280151
-0.5439639091491699
-2.3476414680480957
0.24193161725997925
-0.5841342210769653
-0.6227338314056396
-1.9463424682617188
0.826582670211792
-1.9291789531707764
-0.39186912775039673
-1.9772024154663086
-0.5098168849945068
-0.20340049266815186
-0.32982736825942993
-1.4452486038208008
0.7119253873825073
-1.9183661937713623
-0.2429245412349701
-1.1882960796356201
-1.1850301027297974
0.0
0.0
0.0
0.0
0.0
0.0
0.0
0.0
1.1578110456466675
-0.5860252380371094
-1.5003221035003662
0.4741595387458801
1.1852542161941528
-0.6003760099411011
-1.5294396877288818
0.161753311753273
1.0482137203216553
0.2090611755847931
-1.6667612791061401
0.8689247965812683
0.9729071855545044
-0.7185509204864502
-0.7107333540916443
-0.49736452102661133
0.8190707564353943
0.5924607515335083
-1.5010048151016235
0.9145752191543579
0.9176641702651978
-0.7356911897659302
-0.14098438620567322
-1.093592643737793
0.0
0.0
0.0
0.0
0.0
0.0
0.0
0.0
1.7391799688339233
0.3942714333534241
2.1168994903564453
-0.35272330045700073
2.4950220584869385
0.16274991631507874
2.268913745880127
-0.7577329277992249
1.875910758972168
0.8978021144866943
0.932232677936554
1.2507808208465576
0.10731127858161926
-0.36003971099853516
1.471205472946167
-1.2734456062316895
1.492405652999878
1.0939404964447021
-0.056034982204437256
1.9284296035766602
-0.0925663411617279
-0.6147552728652954
1.1686053276062012
-1.543231725692749
0.0
0.0
0.0
0.0
0.0
0.0
0.0
0.0
0.5467904806137085
0.2124294936656952
2.3531060218811035
-0.22717607021331787
0.46710559725761414
0.03907059133052826
2.1526973247528076
-0.7521337270736694
0.3537217080593109
0.6640260219573975
1.076212763786316
1.4745161533355713
0.266791433095932
-0.718849778175354
0.9092556238174438
-1.1327236890792847
0.21679624915122986
0.9898300170898438
0.18569479882717133
2.3823082447052
-0.07727837562561035
-0.9350773692131042
0.5907824039459229
-1.5693812370300293
0.0
0.0
0.0
0.0
0.0
0.0
0.0
0.0
-1.382505178451538
0.22756895422935486
1.1582462787628174
-0.016186371445655823
-1.4086066484451294
0.05298936367034912
0.5699345469474792
-0.6098955273628235
-1.132920742034912
0.5007696747779846
-0.6943341493606567
1.6368690729141235
-0.4303534924983978
-0.18094538152217865
1.9698991775512695
-1.3926546573638916
-0.9854002594947815
0.6972541213035583
-1.2844901084899902
2.077907085418701
0.17108070850372314
-0.397346556186676
1.9371709823608398
-1.7178245782852173
0.0
0.0
0.0
0.0
0.0
0.0
0.0
0.0
-1.4234333038330078
-0.4741801917552948
-1.22459077835083
0.3516646921634674
-1.3537110090255737
-0.5013347268104553
-1.0304653644561768
0.09165492653846741
-0.9600522518157959
0.39348822832107544
-1.0814509391784668
0.7245655059814453
-1.0481986999511719
-0.5650299787521362
-0.9980967044830322
-0.465567022562027
-0.7328891158103943
0.6119344234466553
-0.9473662376403809
1.0023818016052246
-0.7850695848464966
-0.532397985458374
-0.49442148208618164
-0.9369419813156128
0.0
0.0
0.0
0.0
0.0
0.0
0.0
0.0
0.5208180546760559
-0.4358476996421814
-0.35679230093955994
-0.1468668431043625
0.514228105545044
-0.35522907972335815
-0.4142700135707855
-0.18034009635448456
0.4902617931365967
-0.2935088574886322
-0.6260160207748413
-0.041656702756881714
0.44511061906814575
-0.4626304507255554
-0.0989610105752945
-0.3576599955558777
0.38071852922439575
-0.31119978427886963
-0.6646112203598022
-0.022572845220565796
0.44376319646835327
-0.38779735565185547
0.10938934981822968
-0.5282163023948669
0.0
0.0
0.0
0.0
0.0
0.0
0.0
0.0
0.5418657660484314
-1.5607306957244873
0.8180491924285889
-0.7691026926040649
0.9041984677314758
-1.557350754737854
0.9219028949737549
-0.7098227143287659
0.6619856357574463
-1.3179807662963867
0.2641579508781433
-0.4529036581516266
-0.05974236875772476
-0.9875742197036743
0.8185102939605713
-1.1079334020614624
0.5285516381263733
-1.387506127357483
-0.17489567399024963
-0.1899319589138031
-0.13698481023311615
-0.6125551462173462
0.7799147367477417
-1.0443720817565918
0.0
0.0
0.0
0.0
0.0
0.0
0.0
0.0
-0.34192633628845215
-1.4272927045822144
0.8045163154602051
-0.994416356086731
-0.41759002208709717
-1.3825275897979736
0.9367119073867798
-0.9501117467880249
-0.2930501699447632
-1.6469918489456177
0.3202669024467468
-0.4421297311782837
-0.053758442401885986
-0.9951995015144348
0.25571006536483765
-1.2445969581604004
-0.2523133158683777
-1.7807636260986328
-0.0470854789018631
-0.1374313235282898
-0.03106807731091976
-0.6042167544364929
0.3199054002761841
-1.2227890491485596
0.0
0.0
0.0
0.0
0.0
0.0
0.0
0.0
-0.2667209208011627
-2.519151449203491
0.16015057265758514
-0.7656502723693848
-0.2919488847255707
-2.2826783657073975
-0.22846314311027527
-0.8973418474197388
-0.22265920042991638
-2.067204236984253
-0.7740908861160278
-0.23224394023418427
-0.2041039764881134
-1.5810363292694092
1.1408045291900635
-1.466930866241455
-0.22962215542793274
-1.7752069234848022
-1.0324428081512451
-0.16367757320404053
-0.09489238262176514
-0.9988124966621399
1.3555943965911865
-1.4995193481445312
0.0
0.0
0.0
0.0
0.0
0.0
0.0
0.0
-0.3500484228134155
-0.5330807566642761
-0.5184152126312256
-0.31740978360176086
-0.44380703568458557
-0.449398398399353
-0.4057959318161011
-0.3255079984664917
-0.3497629165649414
-0.4310048818588257
-0.6517788171768188
-0.07730767130851746
-0.206739604473114
-0.5036550164222717
-0.31944289803504944
-0.5581161975860596
-0.2858791947364807
-0.4744974374771118
-0.6299146413803101
0.025208428502082825
-0.12591339647769928
-0.38360166549682617
-0.048067156225442886
-0.6795973777770996
0.0
0.0
0.0
0.0
0.0
0.0
0.0
0.0
