0.6008221507072449
0.35016927123069763
-0.2766980528831482
-0.37625354528427124
0.609711766242981
0.300261527299881
-0.318685919046402
-0.44758716225624084
0.5780933499336243
0.519174337387085
-0.662923276424408
0.05334557220339775
0.4520954191684723
0.27273887395858765
0.08715496957302094
-0.7944861054420471
0.5938315987586975
0.6075546145439148
-0.778965950012207
0.3162722885608673
0.3414885103702545
0.29294925928115845
0.28339675068855286
-0.950599730014801
0.0
0.0
0.0
0.0
0.0
0.0
0.0
0.0
0.07135782390832901
0.9545456767082214
-0.0730617493391037
-0.9341875910758972
0.07079525291919708
0.7903264760971069
-0.31302663683891296
-1.236924171447754
0.044449128210544586
1.5461840629577637
-0.8295895457267761
0.10476428270339966
0.05795508995652199
0.6718721389770508
0.6081445217132568
-1.5967735052108765
0.04297704994678497
1.83920419216156
-1.1217259168624878
0.7395023107528687
0.018030431121587753
0.7087324857711792
0.9623028039932251
-1.7725847959518433
0.0
0.0
0.0
0.0
0.0
0.0
0.0
0.0
-0.37375473976135254
0.7084059119224548
-0.6267203092575073
-0.33538225293159485
-0.4344199299812317
0.5916709899902344
-0.4364851117134094
-0.377546489238739
-0.4408207833766937
0.6334080100059509
-0.6760674118995667
0.12704704701900482
-0.10115484148263931
0.7450816631317139
-0.49986279010772705
-1.036043643951416
-0.47282376885414124
0.6312626004219055
-0.8124604225158691
0.34208929538726807
0.051959093660116196
0.8433071374893188
-0.25720304250717163
-1.3253414630889893
0.0
0.0
0.0
0.0
0.0
0.0
0.0
0.0
0.6721662878990173
0.24696014821529388
-0.9582442045211792
0.048994116485118866
0.7650732398033142
0.26057639718055725
-0.9719250798225403
-0.04552661255002022
0.6849067211151123
0.08358898758888245
-1.1701971292495728
0.305730938911438
0.49085140228271484
0.2880443036556244
-0.4206264317035675
-0.7211461067199707
0.7125560641288757
0.009413575753569603
-1.2341718673706055
0.4078947901725769
0.3970784842967987
0.3160906732082367
-0.028165049850940704
-1.0690666437149048
0.0
0.0
0.0
0.0
0.0
0.0
0.0
0.0
0.462886244058609
-0.20539045333862305
-0.2573784291744232
-0.7293799519538879
0.5136628150939941
0.0590219646692276
-0.11439360678195953
-0.8612750768661499
0.391323983669281
-0.16042669117450714
-0.8752169013023376
0.750917911529541
0.4454585611820221
-0.19417917728424072
0.11300983279943466
-1.895308017730713
0.4014728367328644
-0.1998390108346939
-1.2136871814727783
1.3574892282485962
0.4176691472530365
-0.24035942554473877
0.4322974681854248
-2.3184683322906494
0.0
0.0
0.0
0.0
0.0
0.0
0.0
0.0
-0.9163259267807007
0.13629288971424103
-1.836419701576233
-0.12968359887599945
-0.9943793416023254
0.2524986267089844
-1.5631479024887085
-0.2756762206554413
-0.9722710847854614
0.01526577677577734
-1.6951879262924194
0.6102387309074402
-0.5689917802810669
0.22209712862968445
-1.3076008558273315
-1.4524258375167847
-0.9803659915924072
-0.055833492428064346
-1.8754167556762695
0.9034836888313293
-0.3421402871608734
0.23444955050945282
-0.7171033620834351
-1.9704928398132324
0.0
0.0
0.0
0.0
0.0
0.0
0.0
0.0
1.0062655210494995
-0.6659051775932312
-0.6762454509735107
-0.9827036261558533
1.0849756002426147
-0.7145488858222961
-0.7122105956077576
-1.1191703081130981
1.094685673713684
-0.6436105370521545
-1.3097862005233765
-0.2031298726797104
0.5746334791183472
-0.7555887699127197
-0.3141232430934906
-1.5264265537261963
1.1540056467056274
-0.7079840302467346
-1.4921457767486572
0.2815190255641937
0.30382728576660156
-0.8085685968399048
0.0007304586470127106
-1.7131943702697754
0.0
0.0
0.0
0.0
0.0
0.0
0.0
0.0
0.48669084906578064
-0.9261415600776672
1.4161778688430786
-1.5140492916107178
0.4683358669281006
-0.9356328845024109
1.0968319177627563
-1.8453118801116943
0.44026249647140503
-1.4447575807571411
-0.1752682626247406
0.2434740513563156
0.34762823581695557
-0.7922248840332031
1.1480962038040161
-2.0088696479797363
0.458980917930603
-1.7869830131530762
-0.6564925312995911
1.3123754262924194
0.22181007266044617
-0.7558332681655884
0.9626234173774719
-2.0962674617767334
0.0
0.0
0.0
0.0
0.0
0.0
0.0
0.0
-1.5469621419906616
-1.0722254514694214
-0.8006621599197388
-1.246241807937622
-1.6343353986740112
-1.0030999183654785
-0.954371988773346
-1.3732706308364868
-1.592940092086792
-1.059956431388855
-1.8517266511917114
-0.20325522124767303
-1.0463221073150635
-1.212349534034729
-0.040857985615730286
-1.8947192430496216
-1.6390239000320435
-1.1592546701431274
-2.1073148250579834
0.4518199563026428
-0.785817563533783
-1.3434407711029053
0.4683980941772461
-2.1442906856536865
0.0
0.0
0.0
0.0
0.0
0.0
0.0
0.0
