0.7023099064826965
0.49570783972740173
-0.36071205139160156
-0.7249641418457031
0.6870037913322449
0.42964717745780945
-0.4511127173900604
-0.7190213799476624
1.00861656665802
0.4815618693828583
-0.5706164836883545
-0.25369226932525635
0.31860288977622986
0.6172000765800476
0.0014665480703115463
-0.9988041520118713
1.0214990377426147
0.41861221194267273
-0.6710464358329773
0.08003752678632736
0.07051396369934082
0.6219240427017212
0.25135624408721924
-1.149404764175415
0.0
0.0
0.0
0.0
0.0
0.0
0.0
0.0
-0.5939494967460632
0.7556350827217102
-0.6617427468299866
-1.0000650882720947
-0.5943356156349182
0.6695191860198975
-0.7445318698883057
-1.066236972808838
-0.9595032334327698
0.5846817493438721
-0.9325290322303772
-0.15582631528377533
-0.3104250133037567
1.078345537185669
-0.1748792827129364
-1.4501166343688965
-0.9619033336639404
0.4447786509990692
-1.0678819417953491
0.3650722801685333
-0.12722355127334595
1.12246572971344
0.19344110786914825
-1.6226094961166382
0.0
0.0
0.0
0.0
0.0
0.0
0.0
0.0
1.3441115617752075
-0.5692444443702698
-0.35273507237434387
-0.9367278814315796
1.4017728567123413
-0.5953198671340942
-0.49904027581214905
-0.9427605867385864
2.5710320472717285
0.12303965538740158
0.1175181046128273
-0.6727015972137451
0.35194674134254456
-0.903036892414093
-0.26461198925971985
-1.0257643461227417
2.5844879150390625
0.38573193550109863
0.03201757371425629
-0.09141046553850174
-0.04264228790998459
-0.9087588787078857
0.07505899667739868
-1.1764051914215088
0.0
0.0
0.0
0.0
0.0
0.0
0.0
0.0
-1.240303635597229
-0.5537638664245605
-0.7625800371170044
-1.5093183517456055
-1.2102895975112915
-0.6021660566329956
-0.9155780076980591
-1.544572114944458
-2.0338456630706787
-0.015097713097929955
-0.8217537999153137
-0.7132689952850342
-0.5367391109466553
-0.8593683838844299
-0.4520550072193146
-1.8026729822158813
-2.0467281341552734
0.1826905608177185
-0.941584587097168
0.14566054940223694
-0.19229143857955933
-0.8380306363105774
-0.0048431456089019775
-1.9703634977340698
0.0
0.0
0.0
0.0
0.0
0.0
0.0
0.0
